Crystal Palace
[14, 'Crystal Palace', 38, 12, 6, 20, 42, 43, 56, -13]
[17, 'Crystal Palace', 38, 10, 10, 18, 40, 43, 57, -14]
[10, 'Crystal Palace', 38, 13, 11, 14, 50, 47, 54, -7]
[11, 'Crystal Palace', 38, 12, 13, 13, 49, 48, 52, -4]
[9, 'Crystal Palace', 38, 14, 11, 13, 53, 49, 50, -1]
[16, 'Crystal Palace', 38, 8, 12, 18, 36, 35, 51, -16]
[11, 'Crystal Palace', 38, 11, 12, 15, 45, 44, 51, -7]
[17, 'Crystal Palace', 38, 10, 8, 20, 38, 44, 58, -14]
[10, 'Crystal Palace', 38, 14, 7, 17, 49, 49, 55, -6]
[8, 'Crystal Palace', 38, 15, 12, 11, 57, 48, 51, -3]
Arsenal
[1, 'Arsenal', 38, 33, 2, 3, 101, 78, 27, 51]
[2, 'Arsenal', 38, 26, 8, 4, 86, 69, 34, 35]
[2, 'Arsenal', 38, 23, 11, 4, 80, 72, 34, 38]
[2, 'Arsenal', 38, 25, 6, 7, 81, 67, 33, 34]
[1, 'Arsenal', 38, 30, 5, 3, 95, 72, 26, 46]
[2, 'Arsenal', 38, 24, 10, 4, 82, 71, 36, 35]
[1, 'Arsenal', 38, 29, 6, 3, 93, 71, 31, 40]
[1, 'Arsenal', 38, 34, 2, 2, 104, 75, 25, 50]
[1, 'Arsenal', 38, 28, 6, 4, 90, 76, 35, 41]
[2, 'Arsenal', 38, 25, 7, 6, 82, 70, 38, 32]
Fulham
[13, 'Fulham', 38, 12, 8, 18, 44, 51, 61, -10]
[13, 'Fulham', 38, 13, 9, 16, 48, 48, 54, -6]
[15, 'Fulham', 38, 9, 9, 20, 36, 51, 65, -14]
[12, 'Fulham', 38, 13, 7, 18, 46, 53, 63, -10]
[18, 'Fulham', 38, 6, 13, 19, 31, 42, 58, -16]
[15, 'Fulham', 38, 10, 8, 20, 38, 43, 59, -16]
[14, 'Fulham', 38, 9, 9, 20, 36, 48, 68, -20]
[15, 'Fulham', 38, 11, 8, 19, 41, 52, 63, -11]
[16, 'Fulham', 38, 10, 8, 20, 38, 51, 63, -12]
[17, 'Fulham', 38, 10, 8, 20, 38, 50, 67, -17]
Liverpool
[4, 'Liverpool', 38, 21, 8, 9, 71, 66, 39, 27]
[6, 'Liverpool', 38, 18, 10, 10, 64, 64, 45, 19]
[4, 'Liverpool', 38, 22, 7, 9, 73, 68, 40, 28]
[4, 'Liverpool', 38, 22, 5, 11, 71, 71, 40, 31]
[3, 'Liverpool', 38, 23, 8, 7, 77, 69, 36, 33]
[8, 'Liverpool', 38, 17, 12, 9, 63, 67, 40, 27]
[7, 'Liverpool', 38, 19, 7, 12, 64, 71, 51, 20]
[7, 'Liverpool', 38, 18, 9, 11, 63, 67, 45, 22]
[7, 'Liverpool', 38, 17, 13, 8, 64, 68, 46, 22]
[9, 'Liverpool', 38, 15, 8, 15, 53, 60, 50, 10]
Bournemouth
[10, 'Bournemouth', 38, 13, 7, 18, 46, 43, 75, -32]
[11, 'Bournemouth', 38, 15, 4, 19, 49, 41, 63, -22]
[17, 'Bournemouth', 38, 9, 7, 22, 34, 39, 63, -24]
[16, 'Bournemouth', 38, 10, 9, 19, 39, 43, 69, -26]
[16, 'Bournemouth', 38, 9, 7, 22, 34, 37, 78, -41]
[14, 'Bournemouth', 38, 11, 7, 20, 40, 45, 71, -26]
[13, 'Bournemouth', 38, 10, 10, 18, 40, 47, 73, -26]
[12, 'Bournemouth', 38, 12, 7, 19, 43, 46, 73, -27]
[17, 'Bournemouth', 38, 9, 10, 19, 37, 44, 78, -34]
[15, 'Bournemouth', 38, 10, 9, 19, 39, 45, 74, -29]
Aston Villa
[9, 'Aston Villa', 38, 13, 7, 18, 46, 48, 55, -7]
[14, 'Aston Villa', 38, 14, 6, 18, 48, 42, 53, -11]
[13, 'Aston Villa', 38, 10, 11, 17, 41, 41, 54, -13]
[13, 'Aston Villa', 38, 13, 6, 19, 45, 43, 58, -15]
[13, 'Aston Villa', 38, 9, 9, 20, 36, 36, 56, -20]
[10, 'Aston Villa', 38, 15, 11, 12, 56, 45, 43, 2]
[10, 'Aston Villa', 38, 15, 6, 17, 51, 48, 50, -2]
[9, 'Aston Villa', 38, 16, 6, 16, 54, 44, 48, -4]
[11, 'Aston Villa', 38, 12, 9, 17, 45, 46, 52, -6]
[13, 'Aston Villa', 38, 13, 6, 19, 45, 44, 53, -9]
Leeds
[19, 'Leeds', 38, 9, 8, 21, 35, 53, 93, -40]
[15, 'Leeds', 38, 12, 7, 19, 43, 53, 70, -17]
[18, 'Leeds', 38, 8, 9, 21, 33, 47, 77, -30]
[14, 'Leeds', 38, 12, 6, 20, 42, 59, 77, -18]
[19, 'Leeds', 38, 7, 8, 23, 29, 47, 85, -38]
[17, 'Leeds', 38, 7, 12, 19, 33, 50, 68, -18]
[15, 'Leeds', 38, 10, 6, 22, 36, 58, 84, -26]
[11, 'Leeds', 38, 12, 7, 19, 43, 53, 66, -13]
[14, 'Leeds', 38, 11, 7, 20, 40, 56, 82, -26]
[14, 'Leeds', 38, 12, 5, 21, 41, 53, 83, -30]
Wolves
[11, 'Wolves', 38, 11, 12, 15, 45, 37, 48, -11]
[18, 'Wolves', 38, 7, 11, 20, 32, 30, 55, -25]
[16, 'Wolves', 38, 7, 13, 18, 34, 34, 55, -21]
[19, 'Wolves', 38, 7, 8, 23, 29, 30, 58, -28]
[17, 'Wolves', 38, 7, 12, 19, 33, 34, 54, -20]
[19, 'Wolves', 38, 6, 8, 24, 26, 33, 65, -32]
[17, 'Wolves', 38, 8, 11, 19, 35, 35, 56, -21]
[18, 'Wolves', 38, 7, 11, 20, 32, 32, 58, -26]
[18, 'Wolves', 38, 9, 7, 22, 34, 34, 57, -23]
[19, 'Wolves', 38, 9, 7, 22, 34, 33, 57, -24]
Newcastle
[5, 'Newcastle', 38, 18, 13, 7, 67, 62, 30, 32]
[3, 'Newcastle', 38, 20, 14, 4, 74, 57, 24, 33]
[5, 'Newcastle', 38, 20, 10, 8, 70, 66, 38, 28]
[3, 'Newcastle', 38, 22, 12, 4, 78, 60, 23, 37]
[5, 'Newcastle', 38, 20, 15, 3, 75, 54, 22, 32]
[6, 'Newcastle', 38, 17, 14, 7, 65, 54, 31, 23]
[3, 'Newcastle', 38, 21, 13, 4, 76, 63, 26, 37]
[4, 'Newcastle', 38, 19, 14, 5, 71, 55, 27, 28]
[3, 'Newcastle', 38, 24, 8, 6, 80, 64, 26, 38]
[5, 'Newcastle', 38, 19, 11, 8, 68, 61, 31, 30]
Nottingham
[20, 'Nottingham', 38, 6, 8, 24, 26, 30, 72, -42]
[19, 'Nottingham', 38, 5, 7, 26, 22, 28, 75, -47]
[19, 'Nottingham', 38, 8, 7, 23, 31, 30, 74, -44]
[20, 'Nottingham', 38, 6, 5, 27, 23, 29, 78, -49]
[20, 'Nottingham', 38, 5, 9, 24, 24, 32, 75, -43]
[18, 'Nottingham', 38, 7, 12, 19, 33, 30, 67, -37]
[20, 'Nottingham', 38, 7, 7, 24, 28, 38, 76, -38]
[20, 'Nottingham', 38, 4, 9, 25, 21, 30, 82, -52]
[20, 'Nottingham', 38, 4, 8, 26, 20, 32, 79, -47]
[18, 'Nottingham', 38, 9, 9, 20, 36, 32, 63, -31]
Spurs
[6, 'Spurs', 38, 18, 6, 14, 60, 66, 48, 18]
[7, 'Spurs', 38, 17, 8, 13, 59, 65, 52, 13]
[8, 'Spurs', 38, 17, 9, 12, 60, 62, 54, 8]
[7, 'Spurs', 38, 18, 7, 13, 61, 61, 48, 13]
[4, 'Spurs', 38, 23, 7, 8, 76, 70, 43, 27]
[3, 'Spurs', 38, 21, 8, 9, 71, 64, 44, 20]
[5, 'Spurs', 38, 22, 6, 10, 72, 68, 48, 20]
[5, 'Spurs', 38, 22, 5, 11, 71, 64, 41, 23]
[4, 'Spurs', 38, 22, 8, 8, 74, 67, 44, 23]
[4, 'Spurs', 38, 21, 6, 11, 69, 65, 48, 17]
Southampton
[18, 'Southampton', 38, 8, 13, 17, 37, 41, 62, -21]
[20, 'Southampton', 38, 4, 7, 27, 19, 36, 72, -36]
[20, 'Southampton', 38, 6, 10, 22, 28, 37, 64, -27]
[17, 'Southampton', 38, 8, 12, 18, 36, 41, 59, -18]
[15, 'Southampton', 38, 8, 11, 19, 35, 38, 58, -20]
[20, 'Southampton', 38, 5, 4, 29, 19, 37, 74, -37]
[19, 'Southampton', 38, 6, 12, 20, 30, 39, 63, -24]
[19, 'Southampton', 38, 6, 6, 26, 24, 34, 68, -34]
[19, 'Southampton', 38, 6, 4, 28, 22, 37, 74, -37]
[20, 'Southampton', 38, 4, 9, 25, 21, 35, 67, -32]
Everton
[16, 'Everton', 38, 10, 11, 17, 41, 34, 45, -11]
[10, 'Everton', 38, 14, 9, 15, 51, 42, 40, 2]
[14, 'Everton', 38, 9, 11, 18, 38, 37, 53, -16]
[15, 'Everton', 38, 10, 10, 18, 40, 35, 54, -19]
[12, 'Everton', 38, 10, 12, 16, 42, 33, 43, -10]
[13, 'Everton', 38, 9, 13, 16, 40, 35, 45, -10]
[16, 'Everton', 38, 8, 11, 19, 35, 35, 53, -18]
[16, 'Everton', 38, 11, 7, 20, 40, 31, 51, -20]
[13, 'Everton', 38, 10, 10, 18, 40, 31, 42, -11]
[12, 'Everton', 38, 12, 10, 16, 46, 38, 41, -3]
Chelsea
[7, 'Chelsea', 38, 17, 8, 13, 59, 53, 46, 7]
[5, 'Chelsea', 38, 18, 11, 9, 65, 54, 41, 13]
[6, 'Chelsea', 38, 20, 6, 12, 66, 50, 41, 9]
[10, 'Chelsea', 38, 14, 10, 14, 52, 45, 42, 3]
[6, 'Chelsea', 38, 20, 9, 9, 69, 59, 41, 18]
[7, 'Chelsea', 38, 19, 8, 11, 65, 49, 39, 10]
[4, 'Chelsea', 38, 23, 6, 9, 75, 64, 47, 17]
[3, 'Chelsea', 38, 22, 7, 9, 73, 62, 41, 21]
[8, 'Chelsea', 38, 18, 10, 10, 64, 58, 41, 17]
[3, 'Chelsea', 38, 22, 8, 8, 74, 61, 42, 19]
Leicester
[17, 'Leicester', 38, 10, 8, 20, 38, 48, 57, -9]
[12, 'Leicester', 38, 14, 6, 18, 48, 55, 52, 3]
[7, 'Leicester', 38, 19, 4, 15, 61, 66, 55, 11]
[8, 'Leicester', 38, 18, 4, 16, 58, 64, 56, 8]
[8, 'Leicester', 38, 18, 7, 13, 61, 57, 47, 10]
[9, 'Leicester', 38, 17, 9, 12, 60, 64, 49, 15]
[8, 'Leicester', 38, 16, 7, 15, 55, 62, 56, 6]
[10, 'Leicester', 38, 14, 8, 16, 50, 52, 51, 1]
[9, 'Leicester', 38, 17, 8, 13, 59, 62, 51, 11]
[6, 'Leicester', 38, 19, 7, 12, 64, 62, 45, 17]
Brentford
[15, 'Brentford', 38, 9, 14, 15, 41, 51, 61, -10]
[9, 'Brentford', 38, 13, 13, 12, 52, 51, 52, -1]
[11, 'Brentford', 38, 12, 11, 15, 47, 46, 52, -6]
[9, 'Brentford', 38, 15, 11, 12, 56, 47, 50, -3]
[11, 'Brentford', 38, 8, 19, 11, 43, 49, 56, -7]
[11, 'Brentford', 38, 12, 12, 14, 48, 53, 60, -7]
[12, 'Brentford', 38, 8, 17, 13, 41, 49, 59, -10]
[14, 'Brentford', 38, 8, 17, 13, 41, 45, 53, -8]
[15, 'Brentford', 38, 10, 9, 19, 39, 49, 69, -20]
[11, 'Brentford', 38, 11, 15, 12, 48, 55, 55, 0]
Manchester United
[3, 'Manchester United', 38, 24, 3, 11, 75, 64, 43, 21]
[4, 'Manchester United', 38, 22, 4, 12, 70, 56, 45, 11]
[3, 'Manchester United', 38, 22, 9, 7, 75, 55, 39, 16]
[5, 'Manchester United', 38, 22, 4, 12, 70, 57, 44, 13]
[7, 'Manchester United', 38, 20, 6, 12, 66, 52, 42, 10]
[4, 'Manchester United', 38, 21, 7, 10, 70, 58, 49, 9]
[6, 'Manchester United', 38, 20, 7, 11, 67, 59, 48, 11]
[6, 'Manchester United', 38, 22, 5, 11, 71, 56, 42, 14]
[5, 'Manchester United', 38, 23, 4, 11, 73, 56, 42, 14]
[7, 'Manchester United', 38, 19, 7, 12, 64, 55, 46, 9]
Brighton
[8, 'Brighton', 38, 14, 6, 18, 48, 57, 56, 1]
[8, 'Brighton', 38, 17, 6, 15, 57, 58, 49, 9]
[9, 'Brighton', 38, 12, 15, 11, 51, 50, 46, 4]
[6, 'Brighton', 38, 19, 6, 13, 63, 59, 48, 11]
[10, 'Brighton', 38, 12, 9, 17, 45, 53, 52, 1]
[5, 'Brighton', 38, 19, 9, 10, 66, 55, 43, 12]
[9, 'Brighton', 38, 15, 9, 14, 54, 58, 50, 8]
[8, 'Brighton', 38, 15, 9, 14, 54, 55, 48, 7]
[6, 'Brighton', 38, 19, 9, 10, 66, 58, 39, 19]
[10, 'Brighton', 38, 14, 11, 13, 53, 52, 45, 7]
West Ham
[12, 'West Ham', 38, 12, 8, 18, 44, 40, 47, -7]
[16, 'West Ham', 38, 11, 9, 18, 42, 36, 42, -6]
[12, 'West Ham', 38, 10, 12, 16, 42, 42, 44, -2]
[18, 'West Ham', 38, 8, 7, 23, 31, 32, 51, -19]
[14, 'West Ham', 38, 8, 11, 19, 35, 33, 45, -12]
[12, 'West Ham', 38, 12, 6, 20, 42, 40, 49, -9]
[18, 'West Ham', 38, 7, 11, 20, 32, 38, 55, -17]
[13, 'West Ham', 38, 10, 12, 16, 42, 37, 43, -6]
[12, 'West Ham', 38, 9, 13, 16, 40, 37, 46, -9]
[16, 'West Ham', 38, 10, 8, 20, 38, 38, 49, -11]
Manchester City
[2, 'Manchester City', 38, 29, 6, 3, 93, 95, 39, 56]
[1, 'Manchester City', 38, 27, 7, 4, 88, 85, 38, 47]
[1, 'Manchester City', 38, 30, 6, 2, 96, 92, 30, 62]
[1, 'Manchester City', 38, 30, 4, 4, 94, 91, 32, 59]
[2, 'Manchester City', 38, 25, 8, 5, 83, 90, 39, 51]
[1, 'Manchester City', 38, 28, 8, 2, 92, 85, 30, 55]
[2, 'Manchester City', 38, 25, 9, 4, 84, 87, 37, 50]
[2, 'Manchester City', 38, 26, 5, 7, 83, 85, 36, 49]
[2, 'Manchester City', 38, 25, 8, 5, 83, 82, 36, 46]
[1, 'Manchester City', 38, 24, 11, 3, 83, 85, 37, 48]
