Crystal Palace
[8, 'Crystal Palace', 38, 16, 8, 14, 56, 40, 41, -1]
[11, 'Crystal Palace', 38, 12, 13, 13, 49, 38, 41, -3]
[12, 'Crystal Palace', 38, 11, 13, 14, 46, 35, 41, -6]
[7, 'Crystal Palace', 38, 16, 14, 8, 62, 45, 36, 9]
[10, 'Crystal Palace', 38, 14, 9, 15, 51, 38, 37, 1]
[9, 'Crystal Palace', 38, 12, 16, 10, 52, 45, 42, 3]
[9, 'Crystal Palace', 38, 12, 16, 10, 52, 42, 39, 3]
[14, 'Crystal Palace', 38, 11, 11, 16, 44, 36, 54, -18]
[12, 'Crystal Palace', 38, 11, 14, 13, 47, 36, 48, -12]
[11, 'Crystal Palace', 38, 9, 16, 13, 43, 36, 47, -11]
[14, 'Crystal Palace', 38, 8, 13, 17, 37, 39, 55, -16]
[16, 'Crystal Palace', 38, 11, 8, 19, 41, 35, 49, -14]
[13, 'Crystal Palace', 38, 11, 12, 15, 45, 39, 50, -11]
[14, 'Crystal Palace', 38, 9, 11, 18, 38, 36, 52, -16]
[14, 'Crystal Palace', 38, 12, 8, 18, 44, 35, 46, -11]
[11, 'Crystal Palace', 38, 13, 12, 13, 51, 39, 43, -4]
[17, 'Crystal Palace', 38, 9, 14, 15, 41, 41, 57, -16]
[19, 'Crystal Palace', 38, 6, 13, 19, 31, 33, 59, -26]
[9, 'Crystal Palace', 38, 14, 12, 12, 54, 37, 40, -3]
[10, 'Crystal Palace', 38, 12, 16, 10, 52, 41, 39, 2]
[10, 'Crystal Palace', 38, 14, 11, 13, 53, 41, 45, -4]
[16, 'Crystal Palace', 38, 9, 11, 18, 38, 36, 55, -19]
[16, 'Crystal Palace', 38, 8, 13, 17, 37, 33, 49, -16]
[13, 'Crystal Palace', 38, 11, 11, 16, 44, 41, 54, -13]
[9, 'Crystal Palace', 38, 13, 12, 13, 51, 41, 41, 0]
[15, 'Crystal Palace', 38, 10, 14, 14, 44, 40, 50, -10]
[13, 'Crystal Palace', 38, 11, 9, 18, 42, 39, 56, -17]
[9, 'Crystal Palace', 38, 12, 12, 14, 48, 38, 47, -9]
[15, 'Crystal Palace', 38, 10, 12, 16, 42, 32, 48, -16]
[10, 'Crystal Palace', 38, 12, 13, 13, 49, 43, 46, -3]
[18, 'Crystal Palace', 38, 7, 10, 21, 31, 34, 66, -32]
[9, 'Crystal Palace', 38, 14, 13, 11, 55, 42, 41, 1]
[10, 'Crystal Palace', 38, 14, 12, 12, 54, 41, 38, 3]
[13, 'Crystal Palace', 38, 9, 15, 14, 42, 37, 54, -17]
[10, 'Crystal Palace', 38, 12, 14, 12, 50, 38, 40, -2]
[16, 'Crystal Palace', 38, 8, 17, 13, 41, 35, 44, -9]
[17, 'Crystal Palace', 38, 7, 10, 21, 31, 36, 55, -19]
[16, 'Crystal Palace', 38, 6, 16, 16, 34, 34, 51, -17]
[10, 'Crystal Palace', 38, 11, 16, 11, 49, 41, 43, -2]
[11, 'Crystal Palace', 38, 13, 9, 16, 48, 41, 50, -9]
[13, 'Crystal Palace', 38, 12, 11, 15, 47, 46, 62, -16]
[16, 'Crystal Palace', 38, 8, 11, 19, 35, 33, 55, -22]
[13, 'Crystal Palace', 38, 9, 14, 15, 41, 37, 47, -10]
[16, 'Crystal Palace', 38, 9, 11, 18, 38, 36, 54, -18]
[14, 'Crystal Palace', 38, 9, 15, 14, 42, 35, 52, -17]
[10, 'Crystal Palace', 38, 11, 16, 11, 49, 37, 43, -6]
[12, 'Crystal Palace', 38, 10, 15, 13, 45, 41, 51, -10]
[18, 'Crystal Palace', 38, 8, 9, 21, 33, 29, 48, -19]
[15, 'Crystal Palace', 38, 8, 16, 14, 40, 41, 56, -15]
[10, 'Crystal Palace', 38, 12, 11, 15, 47, 39, 47, -8]
[9, 'Crystal Palace', 38, 14, 10, 14, 52, 42, 46, -4]
[12, 'Crystal Palace', 38, 12, 11, 15, 47, 33, 39, -6]
[15, 'Crystal Palace', 38, 8, 16, 14, 40, 35, 44, -9]
[17, 'Crystal Palace', 38, 8, 14, 16, 38, 32, 49, -17]
[12, 'Crystal Palace', 38, 14, 9, 15, 51, 39, 41, -2]
[8, 'Crystal Palace', 38, 16, 10, 12, 58, 39, 44, -5]
[10, 'Crystal Palace', 38, 11, 16, 11, 49, 36, 43, -7]
[8, 'Crystal Palace', 38, 14, 10, 14, 52, 38, 41, -3]
[12, 'Crystal Palace', 38, 11, 13, 14, 46, 41, 43, -2]
[9, 'Crystal Palace', 38, 15, 9, 14, 54, 45, 41, 4]
[12, 'Crystal Palace', 38, 12, 11, 15, 47, 38, 54, -16]
[6, 'Crystal Palace', 38, 15, 14, 9, 59, 32, 29, 3]
[11, 'Crystal Palace', 38, 13, 11, 14, 50, 54, 53, 1]
[15, 'Crystal Palace', 38, 11, 9, 18, 42, 36, 59, -23]
[12, 'Crystal Palace', 38, 12, 10, 16, 46, 42, 63, -21]
[10, 'Crystal Palace', 38, 10, 15, 13, 45, 41, 48, -7]
[11, 'Crystal Palace', 38, 13, 13, 12, 52, 34, 37, -3]
[11, 'Crystal Palace', 38, 12, 13, 13, 49, 34, 41, -7]
[9, 'Crystal Palace', 38, 13, 14, 11, 53, 46, 46, 0]
[6, 'Crystal Palace', 38, 17, 12, 9, 63, 42, 35, 7]
[11, 'Crystal Palace', 38, 10, 16, 12, 46, 40, 50, -10]
[15, 'Crystal Palace', 38, 9, 13, 16, 40, 37, 52, -15]
[15, 'Crystal Palace', 38, 10, 16, 12, 46, 34, 43, -9]
[12, 'Crystal Palace', 38, 10, 14, 14, 44, 36, 41, -5]
[9, 'Crystal Palace', 38, 14, 12, 12, 54, 38, 42, -4]
[9, 'Crystal Palace', 38, 12, 11, 15, 47, 36, 46, -10]
[15, 'Crystal Palace', 38, 9, 9, 20, 36, 34, 50, -16]
[9, 'Crystal Palace', 38, 15, 10, 13, 55, 41, 33, 8]
[10, 'Crystal Palace', 38, 14, 11, 13, 53, 40, 41, -1]
[13, 'Crystal Palace', 38, 10, 14, 14, 44, 38, 50, -12]
[9, 'Crystal Palace', 38, 14, 14, 10, 56, 40, 38, 2]
[9, 'Crystal Palace', 38, 14, 11, 13, 53, 34, 33, 1]
[10, 'Crystal Palace', 38, 12, 14, 12, 50, 39, 41, -2]
[12, 'Crystal Palace', 38, 10, 15, 13, 45, 41, 53, -12]
[11, 'Crystal Palace', 38, 11, 12, 15, 45, 39, 51, -12]
[11, 'Crystal Palace', 38, 9, 17, 12, 44, 36, 45, -9]
[7, 'Crystal Palace', 38, 16, 12, 10, 60, 36, 28, 8]
[10, 'Crystal Palace', 38, 14, 8, 16, 50, 37, 46, -9]
[8, 'Crystal Palace', 38, 15, 11, 12, 56, 34, 35, -1]
[10, 'Crystal Palace', 38, 11, 13, 14, 46, 33, 46, -13]
[14, 'Crystal Palace', 38, 9, 13, 16, 40, 39, 52, -13]
[11, 'Crystal Palace', 38, 14, 10, 14, 52, 40, 43, -3]
[15, 'Crystal Palace', 38, 9, 14, 15, 41, 36, 53, -17]
[19, 'Crystal Palace', 38, 6, 12, 20, 30, 36, 65, -29]
[9, 'Crystal Palace', 38, 12, 14, 12, 50, 39, 40, -1]
[8, 'Crystal Palace', 38, 15, 11, 12, 56, 42, 45, -3]
[10, 'Crystal Palace', 38, 13, 13, 12, 52, 36, 39, -3]
[9, 'Crystal Palace', 38, 14, 15, 9, 57, 40, 32, 8]
[11, 'Crystal Palace', 38, 11, 14, 13, 47, 41, 42, -1]
[14, 'Crystal Palace', 38, 13, 8, 17, 47, 40, 51, -11]
Arsenal
[2, 'Arsenal', 38, 23, 8, 7, 77, 63, 37, 26]
[4, 'Arsenal', 38, 18, 14, 6, 68, 54, 29, 25]
[2, 'Arsenal', 38, 25, 9, 4, 84, 53, 21, 32]
[2, 'Arsenal', 38, 24, 11, 3, 83, 61, 28, 33]
[2, 'Arsenal', 38, 23, 13, 2, 82, 59, 21, 38]
[5, 'Arsenal', 38, 19, 10, 9, 67, 59, 38, 21]
[2, 'Arsenal', 38, 22, 13, 3, 79, 56, 25, 31]
[2, 'Arsenal', 38, 19, 11, 8, 68, 57, 39, 18]
[2, 'Arsenal', 38, 23, 10, 5, 79, 64, 29, 35]
[2, 'Arsenal', 38, 24, 8, 6, 80, 63, 33, 30]
[8, 'Arsenal', 38, 17, 13, 8, 64, 54, 40, 14]
[3, 'Arsenal', 38, 18, 14, 6, 68, 56, 39, 17]
[2, 'Arsenal', 38, 20, 14, 4, 74, 52, 25, 27]
[2, 'Arsenal', 38, 26, 8, 4, 86, 60, 25, 35]
[4, 'Arsenal', 38, 18, 15, 5, 69, 60, 37, 23]
[4, 'Arsenal', 38, 18, 14, 6, 68, 55, 34, 21]
[2, 'Arsenal', 38, 23, 13, 2, 82, 63, 30, 33]
[1, 'Arsenal', 38, 26, 10, 2, 88, 57, 15, 42]
[2, 'Arsenal', 38, 27, 7, 4, 88, 66, 25, 41]
[3, 'Arsenal', 38, 21, 12, 5, 75, 54, 32, 22]
[7, 'Arsenal', 38, 17, 11, 10, 62, 54, 43, 11]
[2, 'Arsenal', 38, 26, 11, 1, 89, 62, 19, 43]
[2, 'Arsenal', 38, 26, 7, 5, 85, 63, 34, 29]
[5, 'Arsenal', 38, 18, 14, 6, 68, 62, 35, 27]
[3, 'Arsenal', 38, 20, 12, 6, 72, 56, 35, 21]
[2, 'Arsenal', 38, 21, 13, 4, 76, 62, 31, 31]
[3, 'Arsenal', 38, 20, 12, 6, 72, 55, 33, 22]
[1, 'Arsenal', 38, 25, 11, 2, 86, 64, 20, 44]
[4, 'Arsenal', 38, 20, 10, 8, 70, 59, 34, 25]
[2, 'Arsenal', 38, 25, 10, 3, 85, 58, 26, 32]
[2, 'Arsenal', 38, 22, 11, 5, 77, 56, 22, 34]
[2, 'Arsenal', 38, 19, 12, 7, 69, 54, 30, 24]
[6, 'Arsenal', 38, 17, 12, 9, 63, 59, 49, 10]
[4, 'Arsenal', 38, 19, 11, 8, 68, 57, 43, 14]
[6, 'Arsenal', 38, 18, 12, 8, 66, 54, 33, 21]
[3, 'Arsenal', 38, 23, 10, 5, 79, 59, 27, 32]
[2, 'Arsenal', 38, 22, 12, 4, 78, 60, 28, 32]
[7, 'Arsenal', 38, 19, 11, 8, 68, 57, 42, 15]
[2, 'Arsenal', 38, 24, 9, 5, 81, 53, 25, 28]
[3, 'Arsenal', 38, 21, 13, 4, 76, 57, 33, 24]
[2, 'Arsenal', 38, 20, 12, 6, 72, 56, 31, 25]
[4, 'Arsenal', 38, 19, 15, 4, 72, 60, 31, 29]
[4, 'Arsenal', 38, 21, 11, 6, 74, 56, 33, 23]
[2, 'Arsenal', 38, 21, 12, 5, 75, 59, 33, 26]
[7, 'Arsenal', 38, 17, 12, 9, 63, 59, 42, 17]
[2, 'Arsenal', 38, 20, 10, 8, 70, 50, 31, 19]
[3, 'Arsenal', 38, 22, 11, 5, 77, 60, 30, 30]
[1, 'Arsenal', 38, 26, 11, 1, 89, 56, 17, 39]
[7, 'Arsenal', 38, 19, 6, 13, 63, 55, 49, 6]
[1, 'Arsenal', 38, 26, 10, 2, 88, 61, 23, 38]
[7, 'Arsenal', 38, 18, 12, 8, 66, 62, 43, 19]
[3, 'Arsenal', 38, 19, 15, 4, 72, 55, 28, 27]
[2, 'Arsenal', 38, 21, 12, 5, 75, 57, 27, 30]
[2, 'Arsenal', 38, 18, 16, 4, 70, 56, 29, 27]
[2, 'Arsenal', 38, 20, 11, 7, 71, 56, 28, 28]
[5, 'Arsenal', 38, 17, 12, 9, 63, 55, 39, 16]
[8, 'Arsenal', 38, 16, 12, 10, 60, 55, 49, 6]
[5, 'Arsenal', 38, 17, 11, 10, 62, 56, 42, 14]
[6, 'Arsenal', 38, 16, 11, 11, 59, 48, 45, 3]
[2, 'Arsenal', 38, 24, 10, 4, 82, 54, 17, 37]
[1, 'Arsenal', 38, 27, 8, 3, 89, 63, 26, 37]
[2, 'Arsenal', 38, 21, 14, 3, 77, 53, 24, 29]
[2, 'Arsenal', 38, 18, 16, 4, 70, 54, 29, 25]
[4, 'Arsenal', 38, 18, 12, 8, 66, 59, 41, 18]
[2, 'Arsenal', 38, 24, 10, 4, 82, 60, 29, 31]
[2, 'Arsenal', 38, 20, 13, 5, 73, 59, 34, 25]
[2, 'Arsenal', 38, 21, 13, 4, 76, 62, 31, 31]
[2, 'Arsenal', 38, 21, 13, 4, 76, 56, 28, 28]
[7, 'Arsenal', 38, 17, 12, 9, 63, 52, 33, 19]
[2, 'Arsenal', 38, 24, 8, 6, 80, 60, 30, 30]
[6, 'Arsenal', 38, 18, 12, 8, 66, 59, 35, 24]
[2, 'Arsenal', 38, 22, 11, 5, 77, 61, 32, 29]
[2, 'Arsenal', 38, 24, 10, 4, 82, 60, 19, 41]
[6, 'Arsenal', 38, 18, 12, 8, 66, 58, 31, 27]
[1, 'Arsenal', 38, 28, 7, 3, 91, 57, 16, 41]
[2, 'Arsenal', 38, 25, 10, 3, 85, 59, 25, 34]
[2, 'Arsenal', 38, 22, 13, 3, 79, 64, 25, 39]
[1, 'Arsenal', 38, 26, 10, 2, 88, 60, 21, 39]
[3, 'Arsenal', 38, 19, 14, 5, 71, 60, 32, 28]
[2, 'Arsenal', 38, 22, 13, 3, 79, 63, 36, 27]
[2, 'Arsenal', 38, 19, 16, 3, 73, 53, 25, 28]
[2, 'Arsenal', 38, 23, 13, 2, 82, 56, 17, 39]
[2, 'Arsenal', 38, 27, 9, 2, 90, 64, 22, 42]
[2, 'Arsenal', 38, 19, 11, 8, 68, 55, 38, 17]
[2, 'Arsenal', 38, 25, 8, 5, 83, 54, 20, 34]
[1, 'Arsenal', 38, 29, 7, 2, 94, 58, 14, 44]
[2, 'Arsenal', 38, 21, 11, 6, 74, 59, 32, 27]
[3, 'Arsenal', 38, 20, 14, 4, 74, 61, 32, 29]
[2, 'Arsenal', 38, 20, 15, 3, 75, 51, 20, 31]
[2, 'Arsenal', 38, 28, 9, 1, 93, 53, 14, 39]
[2, 'Arsenal', 38, 23, 10, 5, 79, 54, 23, 31]
[2, 'Arsenal', 38, 24, 10, 4, 82, 56, 24, 32]
[2, 'Arsenal', 38, 21, 11, 6, 74, 55, 30, 25]
[3, 'Arsenal', 38, 20, 11, 7, 71, 57, 37, 20]
[5, 'Arsenal', 38, 17, 14, 7, 65, 58, 39, 19]
[3, 'Arsenal', 38, 21, 13, 4, 76, 56, 25, 31]
[4, 'Arsenal', 38, 21, 10, 7, 73, 65, 37, 28]
[7, 'Arsenal', 38, 18, 12, 8, 66, 52, 36, 16]
[3, 'Arsenal', 38, 21, 11, 6, 74, 55, 38, 17]
[2, 'Arsenal', 38, 22, 8, 8, 74, 60, 35, 25]
Fulham
[14, 'Fulham', 38, 9, 15, 14, 42, 47, 55, -8]
[17, 'Fulham', 38, 10, 8, 20, 38, 40, 54, -14]
[15, 'Fulham', 38, 9, 13, 16, 40, 36, 47, -11]
[14, 'Fulham', 38, 11, 7, 20, 40, 45, 59, -14]
[17, 'Fulham', 38, 8, 11, 19, 35, 40, 51, -11]
[18, 'Fulham', 38, 8, 7, 23, 31, 34, 61, -27]
[17, 'Fulham', 38, 9, 12, 17, 39, 36, 51, -15]
[16, 'Fulham', 38, 8, 12, 18, 36, 43, 62, -19]
[16, 'Fulham', 38, 10, 9, 19, 39, 43, 59, -16]
[10, 'Fulham', 38, 12, 8, 18, 44, 40, 50, -10]
[13, 'Fulham', 38, 10, 11, 17, 41, 42, 56, -14]
[13, 'Fulham', 38, 11, 11, 16, 44, 46, 52, -6]
[17, 'Fulham', 38, 8, 11, 19, 35, 37, 53, -16]
[17, 'Fulham', 38, 8, 8, 22, 32, 38, 64, -26]
[11, 'Fulham', 38, 11, 13, 14, 46, 38, 44, -6]
[16, 'Fulham', 38, 9, 12, 17, 39, 40, 60, -20]
[19, 'Fulham', 38, 7, 9, 22, 30, 37, 57, -20]
[18, 'Fulham', 38, 7, 11, 20, 32, 38, 60, -22]
[15, 'Fulham', 38, 10, 10, 18, 40, 37, 52, -15]
[19, 'Fulham', 38, 6, 7, 25, 25, 34, 72, -38]
[18, 'Fulham', 38, 7, 13, 18, 34, 36, 64, -28]
[14, 'Fulham', 38, 10, 10, 18, 40, 42, 54, -12]
[13, 'Fulham', 38, 9, 11, 18, 38, 36, 51, -15]
[15, 'Fulham', 38, 9, 9, 20, 36, 44, 62, -18]
[14, 'Fulham', 38, 10, 9, 19, 39, 36, 60, -24]
[14, 'Fulham', 38, 11, 11, 16, 44, 42, 46, -4]
[17, 'Fulham', 38, 8, 9, 21, 33, 42, 69, -27]
[16, 'Fulham', 38, 10, 10, 18, 40, 41, 53, -12]
[11, 'Fulham', 38, 13, 8, 17, 47, 41, 54, -13]
[17, 'Fulham', 38, 8, 12, 18, 36, 38, 53, -15]
[14, 'Fulham', 38, 10, 10, 18, 40, 41, 51, -10]
[10, 'Fulham', 38, 13, 11, 14, 50, 42, 47, -5]
[16, 'Fulham', 38, 10, 9, 19, 39, 42, 57, -15]
[19, 'Fulham', 38, 6, 10, 22, 28, 37, 67, -30]
[17, 'Fulham', 38, 9, 9, 20, 36, 38, 51, -13]
[17, 'Fulham', 38, 8, 12, 18, 36, 40, 57, -17]
[18, 'Fulham', 38, 7, 10, 21, 31, 41, 66, -25]
[17, 'Fulham', 38, 8, 10, 20, 34, 39, 64, -25]
[15, 'Fulham', 38, 10, 9, 19, 39, 44, 62, -18]
[14, 'Fulham', 38, 11, 7, 20, 40, 38, 58, -20]
[19, 'Fulham', 38, 8, 8, 22, 32, 40, 67, -27]
[9, 'Fulham', 38, 13, 14, 11, 53, 39, 43, -4]
[19, 'Fulham', 38, 7, 12, 19, 33, 35, 52, -17]
[19, 'Fulham', 38, 6, 9, 23, 27, 34, 64, -30]
[19, 'Fulham', 38, 7, 11, 20, 32, 35, 54, -19]
[14, 'Fulham', 38, 10, 10, 18, 40, 40, 53, -13]
[18, 'Fulham', 38, 7, 14, 17, 35, 39, 51, -12]
[14, 'Fulham', 38, 11, 9, 18, 42, 36, 50, -14]
[18, 'Fulham', 38, 7, 12, 19, 33, 35, 60, -25]
[18, 'Fulham', 38, 8, 10, 20, 34, 46, 57, -11]
[18, 'Fulham', 38, 7, 11, 20, 32, 36, 60, -24]
[15, 'Fulham', 38, 9, 11, 18, 38, 40, 60, -20]
[18, 'Fulham', 38, 8, 7, 23, 31, 33, 66, -33]
[18, 'Fulham', 38, 7, 12, 19, 33, 38, 56, -18]
[15, 'Fulham', 38, 11, 7, 20, 40, 41, 57, -16]
[19, 'Fulham', 38, 6, 12, 20, 30, 37, 62, -25]
[18, 'Fulham', 38, 9, 8, 21, 35, 39, 58, -19]
[15, 'Fulham', 38, 12, 8, 18, 44, 43, 57, -14]
[13, 'Fulham', 38, 11, 12, 15, 45, 41, 51, -10]
[19, 'Fulham', 38, 7, 8, 23, 29, 37, 67, -30]
[18, 'Fulham', 38, 9, 7, 22, 34, 38, 62, -24]
[16, 'Fulham', 38, 8, 12, 18, 36, 42, 56, -14]
[16, 'Fulham', 38, 10, 8, 20, 38, 45, 63, -18]
[19, 'Fulham', 38, 8, 10, 20, 34, 40, 62, -22]
[18, 'Fulham', 38, 7, 10, 21, 31, 40, 61, -21]
[18, 'Fulham', 38, 9, 8, 21, 35, 40, 65, -25]
[16, 'Fulham', 38, 8, 11, 19, 35, 41, 64, -23]
[19, 'Fulham', 38, 5, 12, 21, 27, 39, 63, -24]
[17, 'Fulham', 38, 10, 7, 21, 37, 43, 60, -17]
[16, 'Fulham', 38, 7, 11, 20, 32, 40, 56, -16]
[16, 'Fulham', 38, 8, 12, 18, 36, 40, 55, -15]
[14, 'Fulham', 38, 11, 8, 19, 41, 42, 56, -14]
[17, 'Fulham', 38, 9, 12, 17, 39, 37, 53, -16]
[19, 'Fulham', 38, 8, 6, 24, 30, 40, 70, -30]
[18, 'Fulham', 38, 7, 8, 23, 29, 37, 70, -33]
[14, 'Fulham', 38, 11, 10, 17, 43, 42, 65, -23]
[12, 'Fulham', 38, 10, 11, 17, 41, 41, 55, -14]
[18, 'Fulham', 38, 8, 10, 20, 34, 37, 54, -17]
[14, 'Fulham', 38, 10, 12, 16, 42, 34, 48, -14]
[15, 'Fulham', 38, 9, 15, 14, 42, 43, 51, -8]
[18, 'Fulham', 38, 8, 9, 21, 33, 37, 59, -22]
[14, 'Fulham', 38, 11, 8, 19, 41, 40, 52, -12]
[16, 'Fulham', 38, 7, 15, 16, 36, 39, 56, -17]
[10, 'Fulham', 38, 13, 11, 14, 50, 40, 42, -2]
[13, 'Fulham', 38, 9, 13, 16, 40, 40, 55, -15]
[17, 'Fulham', 38, 8, 11, 19, 35, 41, 60, -19]
[15, 'Fulham', 38, 10, 9, 19, 39, 37, 54, -17]
[17, 'Fulham', 38, 9, 6, 23, 33, 40, 67, -27]
[19, 'Fulham', 38, 6, 12, 20, 30, 33, 56, -23]
[18, 'Fulham', 38, 7, 10, 21, 31, 38, 69, -31]
[16, 'Fulham', 38, 8, 13, 17, 37, 39, 55, -16]
[12, 'Fulham', 38, 13, 9, 16, 48, 42, 57, -15]
[18, 'Fulham', 38, 7, 11, 20, 32, 40, 59, -19]
[13, 'Fulham', 38, 11, 9, 18, 42, 45, 54, -9]
[17, 'Fulham', 38, 8, 10, 20, 34, 38, 70, -32]
[17, 'Fulham', 38, 8, 10, 20, 34, 38, 57, -19]
[18, 'Fulham', 38, 7, 12, 19, 33, 39, 59, -20]
[19, 'Fulham', 38, 7, 9, 22, 30, 32, 57, -25]
[17, 'Fulham', 38, 9, 13, 16, 40, 44, 58, -14]
[5, 'Fulham', 38, 16, 12, 10, 60, 42, 37, 5]
Liverpool
[6, 'Liverpool', 38, 17, 11, 10, 62, 50, 32, 18]
[8, 'Liverpool', 38, 15, 11, 12, 56, 60, 40, 20]
[8, 'Liverpool', 38, 15, 12, 11, 57, 51, 39, 12]
[3, 'Liverpool', 38, 19, 13, 6, 70, 58, 24, 34]
[4, 'Liverpool', 38, 20, 8, 10, 68, 53, 28, 25]
[7, 'Liverpool', 38, 16, 9, 13, 57, 54, 42, 12]
[6, 'Liverpool', 38, 18, 10, 10, 64, 51, 31, 20]
[4, 'Liverpool', 38, 18, 11, 9, 65, 63, 30, 33]
[7, 'Liverpool', 38, 14, 13, 11, 55, 62, 39, 23]
[7, 'Liverpool', 38, 19, 10, 9, 67, 56, 31, 25]
[3, 'Liverpool', 38, 21, 10, 7, 73, 60, 34, 26]
[9, 'Liverpool', 38, 16, 5, 17, 53, 52, 41, 11]
[4, 'Liverpool', 38, 19, 8, 11, 65, 58, 29, 29]
[7, 'Liverpool', 38, 18, 11, 9, 65, 54, 31, 23]
[8, 'Liverpool', 38, 14, 13, 11, 55, 53, 36, 17]
[7, 'Liverpool', 38, 16, 13, 9, 61, 67, 36, 31]
[4, 'Liverpool', 38, 19, 9, 10, 66, 65, 40, 25]
[8, 'Liverpool', 38, 14, 15, 9, 57, 56, 33, 23]
[3, 'Liverpool', 38, 20, 11, 7, 71, 60, 25, 35]
[6, 'Liverpool', 38, 17, 9, 12, 60, 56, 35, 21]
[5, 'Liverpool', 38, 17, 11, 10, 62, 56, 35, 21]
[4, 'Liverpool', 38, 21, 9, 8, 72, 58, 30, 28]
[8, 'Liverpool', 38, 16, 12, 10, 60, 61, 36, 25]
[2, 'Liverpool', 38, 23, 8, 7, 77, 66, 20, 46]
[7, 'Liverpool', 38, 17, 9, 12, 60, 58, 37, 21]
[5, 'Liverpool', 38, 17, 10, 11, 61, 68, 44, 24]
[6, 'Liverpool', 38, 19, 9, 10, 66, 61, 36, 25]
[8, 'Liverpool', 38, 16, 9, 13, 57, 65, 45, 20]
[9, 'Liverpool', 38, 15, 13, 10, 58, 54, 41, 13]
[4, 'Liverpool', 38, 20, 9, 9, 69, 67, 31, 36]
[5, 'Liverpool', 38, 17, 15, 6, 66, 57, 26, 31]
[5, 'Liverpool', 38, 18, 10, 10, 64, 57, 32, 25]
[7, 'Liverpool', 38, 16, 13, 9, 61, 57, 31, 26]
[6, 'Liverpool', 38, 19, 8, 11, 65, 55, 26, 29]
[8, 'Liverpool', 38, 14, 10, 14, 52, 57, 52, 5]
[4, 'Liverpool', 38, 19, 11, 8, 68, 52, 26, 26]
[5, 'Liverpool', 38, 20, 10, 8, 70, 66, 29, 37]
[8, 'Liverpool', 38, 17, 8, 13, 59, 60, 40, 20]
[7, 'Liverpool', 38, 15, 10, 13, 55, 56, 43, 13]
[7, 'Liverpool', 38, 17, 9, 12, 60, 57, 36, 21]
[6, 'Liverpool', 38, 18, 10, 10, 64, 63, 37, 26]
[5, 'Liverpool', 38, 20, 9, 9, 69, 60, 28, 32]
[8, 'Liverpool', 38, 15, 9, 14, 54, 52, 38, 14]
[9, 'Liverpool', 38, 14, 12, 12, 54, 55, 52, 3]
[8, 'Liverpool', 38, 16, 13, 9, 61, 54, 29, 25]
[7, 'Liverpool', 38, 15, 11, 12, 56, 60, 42, 18]
[7, 'Liverpool', 38, 16, 9, 13, 57, 60, 41, 19]
[7, 'Liverpool', 38, 15, 9, 14, 54, 59, 46, 13]
[8, 'Liverpool', 38, 15, 13, 10, 58, 53, 33, 20]
[8, 'Liverpool', 38, 16, 8, 14, 56, 45, 37, 8]
[8, 'Liverpool', 38, 14, 13, 11, 55, 54, 45, 9]
[2, 'Liverpool', 38, 19, 15, 4, 72, 61, 28, 33]
[6, 'Liverpool', 38, 17, 14, 7, 65, 54, 30, 24]
[3, 'Liverpool', 38, 18, 10, 10, 64, 62, 39, 23]
[5, 'Liverpool', 38, 18, 11, 9, 65, 60, 32, 28]
[9, 'Liverpool', 38, 16, 9, 13, 57, 58, 43, 15]
[7, 'Liverpool', 38, 17, 9, 12, 60, 70, 38, 32]
[9, 'Liverpool', 38, 12, 14, 12, 50, 47, 35, 12]
[3, 'Liverpool', 38, 22, 8, 8, 74, 59, 30, 29]
[6, 'Liverpool', 38, 19, 7, 12, 64, 65, 41, 24]
[8, 'Liverpool', 38, 16, 8, 14, 56, 56, 43, 13]
[10, 'Liverpool', 38, 13, 14, 11, 53, 61, 36, 25]
[7, 'Liverpool', 38, 17, 12, 9, 63, 62, 37, 25]
[8, 'Liverpool', 38, 16, 12, 10, 60, 56, 34, 22]
[7, 'Liverpool', 38, 18, 9, 11, 63, 67, 47, 20]
[5, 'Liverpool', 38, 19, 10, 9, 67, 60, 32, 28]
[3, 'Liverpool', 38, 20, 9, 9, 69, 63, 21, 42]
[6, 'Liverpool', 38, 16, 10, 12, 58, 60, 41, 19]
[6, 'Liverpool', 38, 18, 11, 9, 65, 57, 35, 22]
[3, 'Liverpool', 38, 20, 11, 7, 71, 65, 30, 35]
[7, 'Liverpool', 38, 16, 13, 9, 61, 65, 32, 33]
[9, 'Liverpool', 38, 15, 8, 15, 53, 64, 50, 14]
[7, 'Liverpool', 38, 16, 9, 13, 57, 65, 42, 23]
[9, 'Liverpool', 38, 13, 13, 12, 52, 60, 42, 18]
[5, 'Liverpool', 38, 20, 8, 10, 68, 62, 31, 31]
[8, 'Liverpool', 38, 15, 13, 10, 58, 54, 40, 14]
[4, 'Liverpool', 38, 22, 11, 5, 77, 65, 22, 43]
[8, 'Liverpool', 38, 15, 11, 12, 56, 59, 39, 20]
[8, 'Liverpool', 38, 17, 10, 11, 61, 58, 33, 25]
[8, 'Liverpool', 38, 17, 9, 12, 60, 56, 36, 20]
[7, 'Liverpool', 38, 17, 8, 13, 59, 59, 40, 19]
[4, 'Liverpool', 38, 21, 11, 6, 74, 56, 19, 37]
[8, 'Liverpool', 38, 14, 11, 13, 53, 59, 45, 14]
[8, 'Liverpool', 38, 18, 7, 13, 61, 57, 39, 18]
[8, 'Liverpool', 38, 15, 10, 13, 55, 61, 44, 17]
[8, 'Liverpool', 38, 15, 12, 11, 57, 49, 30, 19]
[10, 'Liverpool', 38, 15, 8, 15, 53, 53, 41, 12]
[7, 'Liverpool', 38, 17, 11, 10, 62, 68, 45, 23]
[7, 'Liverpool', 38, 16, 8, 14, 56, 57, 40, 17]
[3, 'Liverpool', 38, 19, 13, 6, 70, 55, 21, 34]
[9, 'Liverpool', 38, 15, 10, 13, 55, 60, 39, 21]
[5, 'Liverpool', 38, 16, 14, 8, 62, 58, 29, 29]
[7, 'Liverpool', 38, 20, 5, 13, 65, 65, 42, 23]
[2, 'Liverpool', 38, 21, 9, 8, 72, 71, 31, 40]
[7, 'Liverpool', 38, 17, 9, 12, 60, 60, 41, 19]
[9, 'Liverpool', 38, 14, 11, 13, 53, 55, 41, 14]
[5, 'Liverpool', 38, 20, 10, 8, 70, 69, 29, 40]
[4, 'Liverpool', 38, 20, 10, 8, 70, 61, 28, 33]
[7, 'Liverpool', 38, 15, 10, 13, 55, 64, 38, 26]
[7, 'Liverpool', 38, 16, 8, 14, 56, 59, 44, 15]
Bournemouth
[17, 'Bournemouth', 38, 7, 11, 20, 32, 28, 76, -48]
[18, 'Bournemouth', 38, 7, 13, 18, 34, 33, 67, -34]
[16, 'Bournemouth', 38, 10, 10, 18, 40, 31, 67, -36]
[18, 'Bournemouth', 38, 8, 9, 21, 33, 28, 67, -39]
[18, 'Bournemouth', 38, 9, 8, 21, 35, 29, 69, -40]
[12, 'Bournemouth', 38, 13, 8, 17, 47, 31, 55, -24]
[15, 'Bournemouth', 38, 11, 8, 19, 41, 29, 62, -33]
[15, 'Bournemouth', 38, 9, 10, 19, 37, 35, 63, -28]
[17, 'Bournemouth', 38, 9, 12, 17, 39, 36, 60, -24]
[18, 'Bournemouth', 38, 8, 8, 22, 32, 28, 67, -39]
[15, 'Bournemouth', 38, 8, 13, 17, 37, 30, 55, -25]
[17, 'Bournemouth', 38, 10, 8, 20, 38, 31, 67, -36]
[19, 'Bournemouth', 38, 9, 7, 22, 34, 28, 78, -50]
[15, 'Bournemouth', 38, 10, 6, 22, 36, 30, 66, -36]
[19, 'Bournemouth', 38, 7, 7, 24, 28, 30, 77, -47]
[19, 'Bournemouth', 38, 7, 7, 24, 28, 31, 72, -41]
[12, 'Bournemouth', 38, 13, 8, 17, 47, 36, 59, -23]
[17, 'Bournemouth', 38, 9, 11, 18, 38, 28, 59, -31]
[17, 'Bournemouth', 38, 8, 10, 20, 34, 28, 62, -34]
[13, 'Bournemouth', 38, 12, 10, 16, 46, 33, 59, -26]
[16, 'Bournemouth', 38, 8, 12, 18, 36, 25, 58, -33]
[17, 'Bournemouth', 38, 9, 10, 19, 37, 30, 70, -40]
[15, 'Bournemouth', 38, 10, 8, 20, 38, 25, 65, -40]
[14, 'Bournemouth', 38, 12, 7, 19, 43, 37, 68, -31]
[18, 'Bournemouth', 38, 9, 9, 20, 36, 32, 67, -35]
[17, 'Bournemouth', 38, 10, 7, 21, 37, 28, 69, -41]
[16, 'Bournemouth', 38, 9, 8, 21, 35, 30, 72, -42]
[11, 'Bournemouth', 38, 14, 5, 19, 47, 39, 61, -22]
[14, 'Bournemouth', 38, 12, 9, 17, 45, 32, 55, -23]
[19, 'Bournemouth', 38, 7, 8, 23, 29, 33, 75, -42]
[17, 'Bournemouth', 38, 8, 10, 20, 34, 29, 72, -43]
[16, 'Bournemouth', 38, 9, 12, 17, 39, 30, 59, -29]
[14, 'Bournemouth', 38, 11, 9, 18, 42, 32, 60, -28]
[17, 'Bournemouth', 38, 7, 11, 20, 32, 33, 67, -34]
[18, 'Bournemouth', 38, 9, 9, 20, 36, 33, 68, -35]
[18, 'Bournemouth', 38, 8, 8, 22, 32, 29, 79, -50]
[19, 'Bournemouth', 38, 7, 10, 21, 31, 30, 65, -35]
[14, 'Bournemouth', 38, 11, 7, 20, 40, 32, 60, -28]
[19, 'Bournemouth', 38, 7, 10, 21, 31, 27, 64, -37]
[16, 'Bournemouth', 38, 10, 7, 21, 37, 30, 64, -34]
[16, 'Bournemouth', 38, 10, 8, 20, 38, 31, 66, -35]
[18, 'Bournemouth', 38, 6, 15, 17, 33, 33, 62, -29]
[18, 'Bournemouth', 38, 9, 8, 21, 35, 30, 71, -41]
[14, 'Bournemouth', 38, 11, 7, 20, 40, 33, 63, -30]
[15, 'Bournemouth', 38, 12, 6, 20, 42, 34, 66, -32]
[18, 'Bournemouth', 38, 9, 10, 19, 37, 26, 64, -38]
[19, 'Bournemouth', 38, 6, 10, 22, 28, 29, 69, -40]
[19, 'Bournemouth', 38, 8, 8, 22, 32, 28, 67, -39]
[20, 'Bournemouth', 38, 5, 12, 21, 27, 32, 69, -37]
[15, 'Bournemouth', 38, 12, 6, 20, 42, 27, 72, -45]
[17, 'Bournemouth', 38, 10, 8, 20, 38, 30, 71, -41]
[18, 'Bournemouth', 38, 5, 12, 21, 27, 24, 61, -37]
[16, 'Bournemouth', 38, 10, 10, 18, 40, 27, 58, -31]
[19, 'Bournemouth', 38, 5, 12, 21, 27, 27, 72, -45]
[18, 'Bournemouth', 38, 8, 10, 20, 34, 24, 65, -41]
[18, 'Bournemouth', 38, 8, 10, 20, 34, 29, 64, -35]
[14, 'Bournemouth', 38, 10, 13, 15, 43, 35, 53, -18]
[17, 'Bournemouth', 38, 11, 7, 20, 40, 29, 60, -31]
[19, 'Bournemouth', 38, 8, 8, 22, 32, 22, 68, -46]
[14, 'Bournemouth', 38, 12, 7, 19, 43, 30, 58, -28]
[13, 'Bournemouth', 38, 13, 5, 20, 44, 36, 61, -25]
[19, 'Bournemouth', 38, 6, 11, 21, 29, 29, 63, -34]
[13, 'Bournemouth', 38, 13, 5, 20, 44, 30, 64, -34]
[18, 'Bournemouth', 38, 10, 7, 21, 37, 37, 73, -36]
[16, 'Bournemouth', 38, 9, 9, 20, 36, 33, 69, -36]
[12, 'Bournemouth', 38, 13, 6, 19, 45, 35, 65, -30]
[18, 'Bournemouth', 38, 6, 12, 20, 30, 32, 74, -42]
[16, 'Bournemouth', 38, 11, 8, 19, 41, 34, 62, -28]
[19, 'Bournemouth', 38, 7, 11, 20, 32, 30, 74, -44]
[15, 'Bournemouth', 38, 8, 10, 20, 34, 32, 65, -33]
[15, 'Bournemouth', 38, 11, 7, 20, 40, 35, 66, -31]
[19, 'Bournemouth', 38, 8, 10, 20, 34, 32, 59, -27]
[19, 'Bournemouth', 38, 6, 12, 20, 30, 29, 59, -30]
[17, 'Bournemouth', 38, 9, 6, 23, 33, 28, 82, -54]
[19, 'Bournemouth', 38, 7, 8, 23, 29, 29, 78, -49]
[15, 'Bournemouth', 38, 10, 11, 17, 41, 32, 56, -24]
[18, 'Bournemouth', 38, 8, 7, 23, 31, 30, 81, -51]
[15, 'Bournemouth', 38, 12, 6, 20, 42, 29, 77, -48]
[18, 'Bournemouth', 38, 6, 12, 20, 30, 27, 67, -40]
[17, 'Bournemouth', 38, 11, 8, 19, 41, 31, 63, -32]
[16, 'Bournemouth', 38, 9, 10, 19, 37, 26, 64, -38]
[17, 'Bournemouth', 38, 9, 7, 22, 34, 24, 70, -46]
[19, 'Bournemouth', 38, 6, 10, 22, 28, 26, 72, -46]
[17, 'Bournemouth', 38, 7, 15, 16, 36, 32, 62, -30]
[18, 'Bournemouth', 38, 6, 12, 20, 30, 26, 57, -31]
[13, 'Bournemouth', 38, 11, 8, 19, 41, 33, 73, -40]
[20, 'Bournemouth', 38, 7, 9, 22, 30, 32, 77, -45]
[15, 'Bournemouth', 38, 10, 13, 15, 43, 36, 55, -19]
[18, 'Bournemouth', 38, 8, 8, 22, 32, 28, 75, -47]
[17, 'Bournemouth', 38, 8, 10, 20, 34, 29, 67, -38]
[18, 'Bournemouth', 38, 8, 8, 22, 32, 26, 68, -42]
[18, 'Bournemouth', 38, 8, 12, 18, 36, 29, 74, -45]
[13, 'Bournemouth', 38, 12, 7, 19, 43, 34, 65, -31]
[18, 'Bournemouth', 38, 7, 10, 21, 31, 34, 74, -40]
[18, 'Bournemouth', 38, 9, 7, 22, 34, 36, 69, -33]
[16, 'Bournemouth', 38, 9, 10, 19, 37, 28, 61, -33]
[15, 'Bournemouth', 38, 10, 8, 20, 38, 30, 73, -43]
[15, 'Bournemouth', 38, 9, 9, 20, 36, 29, 51, -22]
[19, 'Bournemouth', 38, 5, 11, 22, 26, 30, 71, -41]
[20, 'Bournemouth', 38, 8, 8, 22, 32, 32, 72, -40]
Aston Villa
[13, 'Aston Villa', 38, 11, 11, 16, 44, 31, 47, -16]
[14, 'Aston Villa', 38, 12, 7, 19, 43, 36, 49, -13]
[13, 'Aston Villa', 38, 14, 4, 20, 46, 38, 51, -13]
[11, 'Aston Villa', 38, 13, 7, 18, 46, 31, 42, -11]
[13, 'Aston Villa', 38, 13, 6, 19, 45, 29, 53, -24]
[13, 'Aston Villa', 38, 12, 9, 17, 45, 25, 35, -10]
[10, 'Aston Villa', 38, 12, 12, 14, 48, 38, 39, -1]
[13, 'Aston Villa', 38, 13, 6, 19, 45, 40, 46, -6]
[13, 'Aston Villa', 38, 12, 8, 18, 44, 32, 55, -23]
[13, 'Aston Villa', 38, 10, 10, 18, 40, 31, 51, -20]
[12, 'Aston Villa', 38, 13, 7, 18, 46, 33, 48, -15]
[12, 'Aston Villa', 38, 13, 8, 17, 47, 36, 45, -9]
[12, 'Aston Villa', 38, 12, 9, 17, 45, 33, 42, -9]
[13, 'Aston Villa', 38, 9, 12, 17, 39, 31, 47, -16]
[13, 'Aston Villa', 38, 10, 14, 14, 44, 30, 38, -8]
[10, 'Aston Villa', 38, 15, 7, 16, 52, 34, 38, -4]
[18, 'Aston Villa', 38, 9, 10, 19, 37, 31, 54, -23]
[15, 'Aston Villa', 38, 9, 12, 17, 39, 32, 47, -15]
[12, 'Aston Villa', 38, 13, 7, 18, 46, 36, 43, -7]
[17, 'Aston Villa', 38, 10, 9, 19, 39, 32, 50, -18]
[15, 'Aston Villa', 38, 11, 7, 20, 40, 33, 57, -24]
[9, 'Aston Villa', 38, 12, 10, 16, 46, 35, 50, -15]
[12, 'Aston Villa', 38, 11, 9, 18, 42, 34, 57, -23]
[10, 'Aston Villa', 38, 13, 10, 15, 49, 34, 43, -9]
[10, 'Aston Villa', 38, 13, 11, 14, 50, 40, 40, 0]
[12, 'Aston Villa', 38, 13, 9, 16, 48, 35, 44, -9]
[15, 'Aston Villa', 38, 11, 8, 19, 41, 36, 52, -16]
[14, 'Aston Villa', 38, 11, 8, 19, 41, 42, 50, -8]
[16, 'Aston Villa', 38, 10, 10, 18, 40, 34, 51, -17]
[11, 'Aston Villa', 38, 12, 12, 14, 48, 33, 35, -2]
[16, 'Aston Villa', 38, 9, 9, 20, 36, 29, 51, -22]
[12, 'Aston Villa', 38, 13, 9, 16, 48, 33, 35, -2]
[12, 'Aston Villa', 38, 13, 8, 17, 47, 33, 42, -9]
[14, 'Aston Villa', 38, 11, 9, 18, 42, 34, 53, -19]
[12, 'Aston Villa', 38, 11, 11, 16, 44, 36, 38, -2]
[12, 'Aston Villa', 38, 14, 5, 19, 47, 36, 50, -14]
[11, 'Aston Villa', 38, 11, 10, 17, 43, 42, 49, -7]
[13, 'Aston Villa', 38, 12, 8, 18, 44, 32, 41, -9]
[9, 'Aston Villa', 38, 14, 9, 15, 51, 32, 34, -2]
[9, 'Aston Villa', 38, 15, 11, 12, 56, 37, 34, 3]
[12, 'Aston Villa', 38, 13, 8, 17, 47, 32, 44, -12]
[12, 'Aston Villa', 38, 13, 9, 16, 48, 30, 49, -19]
[14, 'Aston Villa', 38, 10, 10, 18, 40, 32, 40, -8]
[13, 'Aston Villa', 38, 11, 8, 19, 41, 38, 47, -9]
[17, 'Aston Villa', 38, 11, 8, 19, 41, 33, 51, -18]
[13, 'Aston Villa', 38, 11, 11, 16, 44, 32, 38, -6]
[10, 'Aston Villa', 38, 15, 8, 15, 53, 35, 36, -1]
[15, 'Aston Villa', 38, 12, 6, 20, 42, 34, 49, -15]
[9, 'Aston Villa', 38, 13, 9, 16, 48, 34, 36, -2]
[12, 'Aston Villa', 38, 11, 11, 16, 44, 31, 41, -10]
[11, 'Aston Villa', 38, 12, 10, 16, 46, 36, 47, -11]
[10, 'Aston Villa', 38, 14, 10, 14, 52, 35, 36, -1]
[13, 'Aston Villa', 38, 11, 9, 18, 42, 40, 54, -14]
[11, 'Aston Villa', 38, 14, 9, 15, 51, 34, 37, -3]
[16, 'Aston Villa', 38, 10, 8, 20, 38, 28, 53, -25]
[14, 'Aston Villa', 38, 12, 9, 17, 45, 32, 45, -13]
[11, 'Aston Villa', 38, 11, 14, 13, 47, 34, 34, 0]
[13, 'Aston Villa', 38, 12, 8, 18, 44, 41, 47, -6]
[16, 'Aston Villa', 38, 9, 11, 18, 38, 32, 44, -12]
[17, 'Aston Villa', 38, 9, 8, 21, 35, 34, 62, -28]
[11, 'Aston Villa', 38, 14, 6, 18, 48, 32, 46, -14]
[12, 'Aston Villa', 38, 12, 10, 16, 46, 31, 42, -11]
[9, 'Aston Villa', 38, 15, 7, 16, 52, 41, 45, -4]
[11, 'Aston Villa', 38, 13, 8, 17, 47, 33, 41, -8]
[13, 'Aston Villa', 38, 12, 9, 17, 45, 38, 49, -11]
[11, 'Aston Villa', 38, 11, 12, 15, 45, 39, 49, -10]
[9, 'Aston Villa', 38, 16, 7, 15, 55, 40, 39, 1]
[14, 'Aston Villa', 38, 12, 10, 16, 46, 32, 48, -16]
[10, 'Aston Villa', 38, 15, 7, 16, 52, 36, 38, -2]
[14, 'Aston Villa', 38, 9, 11, 18, 38, 35, 56, -21]
[13, 'Aston Villa', 38, 12, 8, 18, 44, 38, 52, -14]
[7, 'Aston Villa', 38, 16, 9, 13, 57, 42, 35, 7]
[13, 'Aston Villa', 38, 12, 11, 15, 47, 37, 43, -6]
[13, 'Aston Villa', 38, 10, 11, 17, 41, 35, 53, -18]
[12, 'Aston Villa', 38, 12, 8, 18, 44, 38, 49, -11]
[17, 'Aston Villa', 38, 9, 10, 19, 37, 33, 49, -16]
[10, 'Aston Villa', 38, 11, 10, 17, 43, 36, 42, -6]
[17, 'Aston Villa', 38, 11, 6, 21, 39, 36, 62, -26]
[12, 'Aston Villa', 38, 14, 6, 18, 48, 39, 50, -11]
[11, 'Aston Villa', 38, 14, 6, 18, 48, 37, 42, -5]
[12, 'Aston Villa', 38, 11, 10, 17, 43, 33, 44, -11]
[10, 'Aston Villa', 38, 13, 8, 17, 47, 37, 46, -9]
[14, 'Aston Villa', 38, 11, 7, 20, 40, 34, 53, -19]
[16, 'Aston Villa', 38, 9, 9, 20, 36, 32, 47, -15]
[9, 'Aston Villa', 38, 15, 5, 18, 50, 33, 42, -9]
[15, 'Aston Villa', 38, 10, 9, 19, 39, 37, 47, -10]
[14, 'Aston Villa', 38, 12, 6, 20, 42, 31, 46, -15]
[9, 'Aston Villa', 38, 14, 8, 16, 50, 40, 37, 3]
[10, 'Aston Villa', 38, 15, 7, 16, 52, 36, 45, -9]
[12, 'Aston Villa', 38, 12, 6, 20, 42, 37, 45, -8]
[13, 'Aston Villa', 38, 10, 12, 16, 42, 34, 49, -15]
[13, 'Aston Villa', 38, 13, 7, 18, 46, 42, 48, -6]
[10, 'Aston Villa', 38, 13, 10, 15, 49, 43, 39, 4]
[12, 'Aston Villa', 38, 12, 9, 17, 45, 38, 49, -11]
[11, 'Aston Villa', 38, 13, 9, 16, 48, 35, 48, -13]
[11, 'Aston Villa', 38, 13, 10, 15, 49, 35, 36, -1]
[17, 'Aston Villa', 38, 10, 5, 23, 35, 31, 53, -22]
[12, 'Aston Villa', 38, 12, 7, 19, 43, 31, 57, -26]
[12, 'Aston Villa', 38, 11, 12, 15, 45, 30, 40, -10]
[13, 'Aston Villa', 38, 13, 8, 17, 47, 39, 35, 4]
Leeds
[16, 'Leeds', 38, 9, 11, 18, 38, 46, 71, -25]
[16, 'Leeds', 38, 11, 7, 20, 40, 43, 84, -41]
[18, 'Leeds', 38, 9, 5, 24, 32, 39, 71, -32]
[17, 'Leeds', 38, 9, 8, 21, 35, 38, 96, -58]
[19, 'Leeds', 38, 8, 9, 21, 33, 44, 67, -23]
[14, 'Leeds', 38, 12, 8, 18, 44, 43, 75, -32]
[18, 'Leeds', 38, 8, 9, 21, 33, 42, 72, -30]
[19, 'Leeds', 38, 7, 11, 20, 32, 39, 80, -41]
[18, 'Leeds', 38, 9, 9, 20, 36, 45, 77, -32]
[19, 'Leeds', 38, 7, 10, 21, 31, 37, 66, -29]
[19, 'Leeds', 38, 7, 10, 21, 31, 39, 65, -26]
[19, 'Leeds', 38, 7, 9, 22, 30, 44, 72, -28]
[14, 'Leeds', 38, 12, 5, 21, 41, 37, 76, -39]
[19, 'Leeds', 38, 6, 9, 23, 27, 35, 70, -35]
[16, 'Leeds', 38, 11, 8, 19, 41, 43, 66, -23]
[17, 'Leeds', 38, 10, 8, 20, 38, 35, 89, -54]
[15, 'Leeds', 38, 13, 4, 21, 43, 42, 78, -36]
[9, 'Leeds', 38, 15, 5, 18, 50, 42, 56, -14]
[19, 'Leeds', 38, 6, 13, 19, 31, 37, 65, -28]
[15, 'Leeds', 38, 12, 9, 17, 45, 40, 52, -12]
[19, 'Leeds', 38, 8, 9, 21, 33, 41, 67, -26]
[19, 'Leeds', 38, 8, 9, 21, 33, 43, 84, -41]
[14, 'Leeds', 38, 10, 8, 20, 38, 39, 68, -29]
[19, 'Leeds', 38, 7, 7, 24, 28, 41, 85, -44]
[16, 'Leeds', 38, 10, 8, 20, 38, 45, 78, -33]
[18, 'Leeds', 38, 9, 7, 22, 34, 37, 72, -35]
[18, 'Leeds', 38, 8, 8, 22, 32, 37, 62, -25]
[19, 'Leeds', 38, 6, 10, 22, 28, 42, 104, -62]
[18, 'Leeds', 38, 6, 11, 21, 29, 37, 78, -41]
[15, 'Leeds', 38, 11, 7, 20, 40, 38, 76, -38]
[13, 'Leeds', 38, 11, 8, 19, 41, 42, 62, -20]
[18, 'Leeds', 38, 11, 5, 22, 38, 42, 75, -33]
[13, 'Leeds', 38, 11, 10, 17, 43, 44, 56, -12]
[16, 'Leeds', 38, 9, 10, 19, 37, 41, 68, -27]
[19, 'Leeds', 38, 7, 8, 23, 29, 39, 91, -52]
[19, 'Leeds', 38, 7, 8, 23, 29, 39, 83, -44]
[15, 'Leeds', 38, 9, 8, 21, 35, 43, 82, -39]
[20, 'Leeds', 38, 3, 10, 25, 19, 38, 101, -63]
[14, 'Leeds', 38, 12, 9, 17, 45, 38, 46, -8]
[13, 'Leeds', 38, 10, 12, 16, 42, 42, 51, -9]
[15, 'Leeds', 38, 11, 5, 22, 38, 35, 63, -28]
[11, 'Leeds', 38, 13, 10, 15, 49, 39, 47, -8]
[17, 'Leeds', 38, 9, 9, 20, 36, 41, 59, -18]
[18, 'Leeds', 38, 8, 11, 19, 35, 39, 63, -24]
[18, 'Leeds', 38, 8, 10, 20, 34, 38, 72, -34]
[16, 'Leeds', 38, 11, 7, 20, 40, 40, 71, -31]
[17, 'Leeds', 38, 10, 6, 22, 36, 42, 92, -50]
[11, 'Leeds', 38, 15, 4, 19, 49, 44, 67, -23]
[16, 'Leeds', 38, 9, 9, 20, 36, 41, 72, -31]
[14, 'Leeds', 38, 11, 9, 18, 42, 39, 48, -9]
[15, 'Leeds', 38, 11, 7, 20, 40, 41, 59, -18]
[13, 'Leeds', 38, 11, 8, 19, 41, 39, 52, -13]
[19, 'Leeds', 38, 7, 9, 22, 30, 38, 75, -37]
[13, 'Leeds', 38, 14, 5, 19, 47, 40, 63, -23]
[19, 'Leeds', 38, 7, 10, 21, 31, 39, 86, -47]
[16, 'Leeds', 38, 12, 6, 20, 42, 37, 74, -37]
[19, 'Leeds', 38, 5, 11, 22, 26, 37, 110, -73]
[18, 'Leeds', 38, 9, 9, 20, 36, 37, 63, -26]
[14, 'Leeds', 38, 11, 10, 17, 43, 38, 52, -14]
[15, 'Leeds', 38, 12, 6, 20, 42, 42, 78, -36]
[20, 'Leeds', 38, 4, 11, 23, 23, 36, 85, -49]
[18, 'Leeds', 38, 9, 6, 23, 33, 36, 95, -59]
[15, 'Leeds', 38, 11, 6, 21, 39, 38, 81, -43]
[10, 'Leeds', 38, 16, 5, 17, 53, 52, 68, -16]
[15, 'Leeds', 38, 11, 6, 21, 39, 46, 87, -41]
[19, 'Leeds', 38, 6, 11, 21, 29, 39, 100, -61]
[17, 'Leeds', 38, 9, 7, 22, 34, 38, 103, -65]
[17, 'Leeds', 38, 9, 9, 20, 36, 45, 78, -33]
[14, 'Leeds', 38, 10, 9, 19, 39, 45, 80, -35]
[10, 'Leeds', 38, 15, 7, 16, 52, 46, 57, -11]
[19, 'Leeds', 38, 4, 10, 24, 22, 32, 89, -57]
[16, 'Leeds', 38, 11, 7, 20, 40, 43, 94, -51]
[18, 'Leeds', 38, 7, 10, 21, 31, 35, 79, -44]
[15, 'Leeds', 38, 10, 9, 19, 39, 38, 67, -29]
[16, 'Leeds', 38, 10, 7, 21, 37, 39, 72, -33]
[18, 'Leeds', 38, 9, 7, 22, 34, 40, 81, -41]
[16, 'Leeds', 38, 10, 5, 23, 35, 40, 76, -36]
[12, 'Leeds', 38, 12, 8, 18, 44, 45, 65, -20]
[13, 'Leeds', 38, 14, 6, 18, 48, 38, 58, -20]
[18, 'Leeds', 38, 8, 11, 19, 35, 36, 71, -35]
[20, 'Leeds', 38, 7, 10, 21, 31, 33, 63, -30]
[18, 'Leeds', 38, 8, 7, 23, 31, 32, 85, -53]
[18, 'Leeds', 38, 8, 9, 21, 33, 42, 80, -38]
[19, 'Leeds', 38, 7, 9, 22, 30, 39, 81, -42]
[17, 'Leeds', 38, 8, 7, 23, 31, 36, 86, -50]
[19, 'Leeds', 38, 7, 11, 20, 32, 44, 68, -24]
[17, 'Leeds', 38, 10, 6, 22, 36, 45, 85, -40]
[19, 'Leeds', 38, 4, 14, 20, 26, 38, 75, -37]
[13, 'Leeds', 38, 12, 6, 20, 42, 40, 60, -20]
[15, 'Leeds', 38, 11, 8, 19, 41, 39, 56, -17]
[17, 'Leeds', 38, 9, 9, 20, 36, 44, 85, -41]
[14, 'Leeds', 38, 14, 4, 20, 46, 44, 67, -23]
[19, 'Leeds', 38, 6, 9, 23, 27, 41, 88, -47]
[20, 'Leeds', 38, 3, 12, 23, 21, 33, 90, -57]
[20, 'Leeds', 38, 8, 7, 23, 31, 42, 89, -47]
[19, 'Leeds', 38, 5, 9, 24, 24, 34, 88, -54]
[16, 'Leeds', 38, 10, 6, 22, 36, 37, 102, -65]
[16, 'Leeds', 38, 9, 9, 20, 36, 36, 79, -43]
[16, 'Leeds', 38, 12, 7, 19, 43, 45, 72, -27]
[16, 'Leeds', 38, 11, 7, 20, 40, 44, 83, -39]
Wolves
[19, 'Wolves', 38, 6, 13, 19, 31, 29, 54, -25]
[13, 'Wolves', 38, 11, 12, 15, 45, 28, 40, -12]
[14, 'Wolves', 38, 13, 7, 18, 46, 34, 47, -13]
[13, 'Wolves', 38, 11, 10, 17, 43, 30, 42, -12]
[12, 'Wolves', 38, 12, 9, 17, 45, 35, 46, -11]
[15, 'Wolves', 38, 10, 12, 16, 42, 32, 46, -14]
[19, 'Wolves', 38, 5, 14, 19, 29, 26, 52, -26]
[18, 'Wolves', 38, 8, 11, 19, 35, 28, 48, -20]
[10, 'Wolves', 38, 12, 18, 8, 54, 34, 34, 0]
[15, 'Wolves', 38, 9, 10, 19, 37, 36, 62, -26]
[18, 'Wolves', 38, 7, 13, 18, 34, 28, 48, -20]
[8, 'Wolves', 38, 16, 11, 11, 59, 33, 29, 4]
[15, 'Wolves', 38, 9, 12, 17, 39, 30, 48, -18]
[16, 'Wolves', 38, 7, 13, 18, 34, 28, 52, -24]
[15, 'Wolves', 38, 10, 11, 17, 41, 27, 48, -21]
[13, 'Wolves', 38, 11, 10, 17, 43, 34, 44, -10]
[10, 'Wolves', 38, 14, 8, 16, 50, 30, 36, -6]
[14, 'Wolves', 38, 9, 13, 16, 40, 30, 47, -17]
[16, 'Wolves', 38, 9, 9, 20, 36, 31, 50, -19]
[12, 'Wolves', 38, 11, 13, 14, 46, 31, 41, -10]
[9, 'Wolves', 38, 14, 12, 12, 54, 34, 37, -3]
[11, 'Wolves', 38, 10, 13, 15, 43, 38, 51, -13]
[9, 'Wolves', 38, 14, 10, 14, 52, 30, 36, -6]
[17, 'Wolves', 38, 7, 12, 19, 33, 28, 55, -27]
[17, 'Wolves', 38, 8, 12, 18, 36, 29, 50, -21]
[11, 'Wolves', 38, 13, 10, 15, 49, 32, 39, -7]
[10, 'Wolves', 38, 14, 9, 15, 51, 29, 35, -6]
[17, 'Wolves', 38, 10, 8, 20, 38, 32, 56, -24]
[17, 'Wolves', 38, 9, 12, 17, 39, 31, 48, -17]
[14, 'Wolves', 38, 10, 12, 16, 42, 23, 39, -16]
[15, 'Wolves', 38, 11, 7, 20, 40, 24, 47, -23]
[11, 'Wolves', 38, 12, 14, 12, 50, 25, 39, -14]
[19, 'Wolves', 38, 6, 13, 19, 31, 27, 53, -26]
[15, 'Wolves', 38, 8, 15, 15, 39, 26, 44, -18]
[13, 'Wolves', 38, 10, 11, 17, 41, 32, 42, -10]
[15, 'Wolves', 38, 11, 9, 18, 42, 26, 38, -12]
[16, 'Wolves', 38, 7, 13, 18, 34, 31, 50, -19]
[11, 'Wolves', 38, 11, 14, 13, 47, 33, 40, -7]
[12, 'Wolves', 38, 11, 15, 12, 48, 28, 34, -6]
[15, 'Wolves', 38, 9, 12, 17, 39, 31, 49, -18]
[14, 'Wolves', 38, 9, 12, 17, 39, 30, 46, -16]
[15, 'Wolves', 38, 8, 13, 17, 37, 29, 52, -23]
[10, 'Wolves', 38, 12, 12, 14, 48, 32, 40, -8]
[10, 'Wolves', 38, 13, 12, 13, 51, 35, 43, -8]
[12, 'Wolves', 38, 10, 13, 15, 43, 35, 44, -9]
[8, 'Wolves', 38, 15, 9, 14, 54, 37, 40, -3]
[15, 'Wolves', 38, 8, 15, 15, 39, 31, 45, -14]
[12, 'Wolves', 38, 11, 13, 14, 46, 31, 38, -7]
[14, 'Wolves', 38, 11, 11, 16, 44, 26, 41, -15]
[19, 'Wolves', 38, 7, 11, 20, 32, 28, 51, -23]
[19, 'Wolves', 38, 7, 8, 23, 29, 32, 64, -32]
[19, 'Wolves', 38, 4, 14, 20, 26, 20, 47, -27]
[12, 'Wolves', 38, 11, 10, 17, 43, 29, 46, -17]
[14, 'Wolves', 38, 12, 9, 17, 45, 30, 44, -14]
[13, 'Wolves', 38, 10, 15, 13, 45, 28, 37, -9]
[15, 'Wolves', 38, 9, 15, 14, 42, 32, 43, -11]
[15, 'Wolves', 38, 10, 11, 17, 41, 36, 53, -17]
[12, 'Wolves', 38, 11, 12, 15, 45, 28, 38, -10]
[9, 'Wolves', 38, 13, 13, 12, 52, 28, 33, -5]
[13, 'Wolves', 38, 11, 10, 17, 43, 37, 49, -12]
[17, 'Wolves', 38, 7, 14, 17, 35, 26, 46, -20]
[15, 'Wolves', 38, 11, 10, 17, 43, 31, 45, -14]
[14, 'Wolves', 38, 10, 12, 16, 42, 35, 47, -12]
[17, 'Wolves', 38, 8, 13, 17, 37, 36, 59, -23]
[8, 'Wolves', 38, 15, 10, 13, 55, 39, 34, 5]
[16, 'Wolves', 38, 9, 11, 18, 38, 30, 46, -16]
[15, 'Wolves', 38, 9, 9, 20, 36, 30, 51, -21]
[10, 'Wolves', 38, 12, 14, 12, 50, 30, 36, -6]
[12, 'Wolves', 38, 13, 9, 16, 48, 34, 40, -6]
[18, 'Wolves', 38, 5, 16, 17, 31, 26, 48, -22]
[17, 'Wolves', 38, 8, 12, 18, 36, 24, 44, -20]
[13, 'Wolves', 38, 9, 14, 15, 41, 29, 42, -13]
[12, 'Wolves', 38, 13, 9, 16, 48, 32, 39, -7]
[11, 'Wolves', 38, 11, 12, 15, 45, 29, 41, -12]
[17, 'Wolves', 38, 8, 8, 22, 32, 27, 64, -37]
[12, 'Wolves', 38, 10, 14, 14, 44, 31, 42, -11]
[17, 'Wolves', 38, 7, 12, 19, 33, 24, 47, -23]
[13, 'Wolves', 38, 10, 12, 16, 42, 29, 39, -10]
[19, 'Wolves', 38, 5, 12, 21, 27, 30, 64, -34]
[19, 'Wolves', 38, 5, 12, 21, 27, 29, 55, -26]
[15, 'Wolves', 38, 10, 10, 18, 40, 26, 44, -18]
[11, 'Wolves', 38, 11, 13, 14, 46, 28, 36, -8]
[12, 'Wolves', 38, 11, 12, 15, 45, 27, 37, -10]
[15, 'Wolves', 38, 8, 14, 16, 38, 28, 47, -19]
[12, 'Wolves', 38, 12, 7, 19, 43, 30, 48, -18]
[16, 'Wolves', 38, 7, 15, 16, 36, 30, 54, -24]
[18, 'Wolves', 38, 8, 11, 19, 35, 31, 48, -17]
[18, 'Wolves', 38, 6, 14, 18, 32, 30, 58, -28]
[15, 'Wolves', 38, 9, 13, 16, 40, 28, 44, -16]
[11, 'Wolves', 38, 11, 12, 15, 45, 30, 39, -9]
[11, 'Wolves', 38, 13, 8, 17, 47, 33, 41, -8]
[10, 'Wolves', 38, 15, 8, 15, 53, 38, 38, 0]
[16, 'Wolves', 38, 9, 12, 17, 39, 31, 45, -14]
[14, 'Wolves', 38, 9, 11, 18, 38, 36, 61, -25]
[15, 'Wolves', 38, 9, 11, 18, 38, 30, 51, -21]
[14, 'Wolves', 38, 10, 12, 16, 42, 34, 50, -16]
[19, 'Wolves', 38, 7, 12, 19, 33, 33, 58, -25]
[18, 'Wolves', 38, 7, 10, 21, 31, 29, 51, -22]
[15, 'Wolves', 38, 10, 13, 15, 43, 31, 47, -16]
[12, 'Wolves', 38, 12, 13, 13, 49, 32, 39, -7]
Newcastle
[7, 'Newcastle', 38, 15, 15, 8, 60, 43, 28, 15]
[7, 'Newcastle', 38, 14, 15, 9, 57, 43, 27, 16]
[5, 'Newcastle', 38, 16, 15, 7, 63, 44, 24, 20]
[4, 'Newcastle', 38, 17, 17, 4, 68, 48, 15, 33]
[6, 'Newcastle', 38, 16, 14, 8, 62, 40, 27, 13]
[6, 'Newcastle', 38, 16, 16, 6, 64, 45, 22, 23]
[5, 'Newcastle', 38, 18, 16, 4, 70, 46, 21, 25]
[8, 'Newcastle', 38, 15, 14, 9, 59, 41, 28, 13]
[6, 'Newcastle', 38, 16, 12, 10, 60, 44, 29, 15]
[3, 'Newcastle', 38, 21, 10, 7, 73, 51, 24, 27]
[4, 'Newcastle', 38, 19, 15, 4, 72, 47, 22, 25]
[4, 'Newcastle', 38, 18, 13, 7, 67, 47, 22, 25]
[8, 'Newcastle', 38, 13, 19, 6, 58, 37, 20, 17]
[5, 'Newcastle', 38, 19, 13, 6, 70, 44, 23, 21]
[3, 'Newcastle', 38, 17, 18, 3, 69, 46, 18, 28]
[6, 'Newcastle', 38, 17, 11, 10, 62, 51, 33, 18]
[6, 'Newcastle', 38, 17, 11, 10, 62, 45, 25, 20]
[5, 'Newcastle', 38, 17, 17, 4, 68, 45, 17, 28]
[5, 'Newcastle', 38, 17, 13, 8, 64, 48, 27, 21]
[5, 'Newcastle', 38, 20, 12, 6, 72, 46, 22, 24]
[2, 'Newcastle', 38, 22, 11, 5, 77, 45, 18, 27]
[5, 'Newcastle', 38, 17, 15, 6, 66, 53, 19, 34]
[7, 'Newcastle', 38, 17, 11, 10, 62, 46, 29, 17]
[7, 'Newcastle', 38, 18, 10, 10, 64, 48, 29, 19]
[8, 'Newcastle', 38, 16, 11, 11, 59, 47, 33, 14]
[4, 'Newcastle', 38, 16, 13, 9, 61, 50, 25, 25]
[7, 'Newcastle', 38, 16, 14, 8, 62, 43, 21, 22]
[6, 'Newcastle', 38, 16, 15, 7, 63, 42, 20, 22]
[7, 'Newcastle', 38, 17, 10, 11, 61, 51, 32, 19]
[7, 'Newcastle', 38, 15, 14, 9, 59, 44, 25, 19]
[8, 'Newcastle', 38, 15, 17, 6, 62, 40, 21, 19]
[6, 'Newcastle', 38, 16, 16, 6, 64, 49, 27, 22]
[4, 'Newcastle', 38, 17, 15, 6, 66, 44, 19, 25]
[7, 'Newcastle', 38, 16, 12, 10, 60, 46, 28, 18]
[4, 'Newcastle', 38, 19, 16, 3, 73, 52, 21, 31]
[6, 'Newcastle', 38, 18, 10, 10, 64, 52, 31, 21]
[4, 'Newcastle', 38, 19, 15, 4, 72, 47, 16, 31]
[2, 'Newcastle', 38, 21, 14, 3, 77, 50, 15, 35]
[5, 'Newcastle', 38, 17, 12, 9, 63, 44, 27, 17]
[2, 'Newcastle', 38, 22, 13, 3, 79, 44, 13, 31]
[7, 'Newcastle', 38, 17, 13, 8, 64, 47, 27, 20]
[3, 'Newcastle', 38, 21, 13, 4, 76, 48, 15, 33]
[2, 'Newcastle', 38, 21, 15, 2, 78, 46, 13, 33]
[6, 'Newcastle', 38, 19, 13, 6, 70, 49, 22, 27]
[2, 'Newcastle', 38, 21, 12, 5, 75, 44, 16, 28]
[3, 'Newcastle', 38, 17, 18, 3, 69, 42, 15, 27]
[2, 'Newcastle', 38, 23, 11, 4, 80, 54, 16, 38]
[5, 'Newcastle', 38, 14, 19, 5, 61, 42, 22, 20]
[5, 'Newcastle', 38, 18, 14, 6, 68, 49, 24, 25]
[7, 'Newcastle', 38, 16, 13, 9, 61, 39, 25, 14]
[5, 'Newcastle', 38, 18, 14, 6, 68, 52, 24, 28]
[4, 'Newcastle', 38, 19, 14, 5, 71, 49, 20, 29]
[3, 'Newcastle', 38, 20, 11, 7, 71, 46, 22, 24]
[8, 'Newcastle', 38, 15, 14, 9, 59, 42, 28, 14]
[9, 'Newcastle', 38, 16, 13, 9, 61, 45, 35, 10]
[4, 'Newcastle', 38, 16, 15, 7, 63, 44, 22, 22]
[2, 'Newcastle', 38, 22, 9, 7, 75, 57, 20, 37]
[2, 'Newcastle', 38, 20, 15, 3, 75, 46, 14, 32]
[2, 'Newcastle', 38, 21, 11, 6, 74, 47, 16, 31]
[5, 'Newcastle', 38, 18, 11, 9, 65, 46, 25, 21]
[7, 'Newcastle', 38, 16, 10, 12, 58, 50, 30, 20]
[3, 'Newcastle', 38, 19, 13, 6, 70, 46, 19, 27]
[6, 'Newcastle', 38, 16, 16, 6, 64, 48, 20, 28]
[7, 'Newcastle', 38, 16, 13, 9, 61, 46, 29, 17]
[4, 'Newcastle', 38, 19, 13, 6, 70, 51, 18, 33]
[7, 'Newcastle', 38, 18, 11, 9, 65, 49, 27, 22]
[5, 'Newcastle', 38, 18, 14, 6, 68, 52, 22, 30]
[4, 'Newcastle', 38, 16, 16, 6, 64, 43, 22, 21]
[5, 'Newcastle', 38, 17, 16, 5, 67, 45, 25, 20]
[8, 'Newcastle', 38, 16, 11, 11, 59, 45, 28, 17]
[2, 'Newcastle', 38, 21, 12, 5, 75, 49, 18, 31]
[3, 'Newcastle', 38, 20, 12, 6, 72, 52, 24, 28]
[4, 'Newcastle', 38, 17, 13, 8, 64, 47, 25, 22]
[4, 'Newcastle', 38, 19, 14, 5, 71, 45, 18, 27]
[4, 'Newcastle', 38, 20, 13, 5, 73, 50, 20, 30]
[3, 'Newcastle', 38, 21, 13, 4, 76, 51, 14, 37]
[5, 'Newcastle', 38, 18, 15, 5, 69, 44, 20, 24]
[5, 'Newcastle', 38, 18, 11, 9, 65, 45, 24, 21]
[2, 'Newcastle', 38, 21, 12, 5, 75, 44, 15, 29]
[5, 'Newcastle', 38, 17, 11, 10, 62, 43, 28, 15]
[6, 'Newcastle', 38, 16, 14, 8, 62, 48, 26, 22]
[5, 'Newcastle', 38, 19, 15, 4, 72, 47, 20, 27]
[3, 'Newcastle', 38, 21, 13, 4, 76, 46, 18, 28]
[5, 'Newcastle', 38, 16, 17, 5, 65, 49, 29, 20]
[4, 'Newcastle', 38, 21, 13, 4, 76, 48, 16, 32]
[6, 'Newcastle', 38, 15, 15, 8, 60, 40, 23, 17]
[3, 'Newcastle', 38, 21, 10, 7, 73, 50, 22, 28]
[6, 'Newcastle', 38, 16, 14, 8, 62, 49, 25, 24]
[9, 'Newcastle', 38, 13, 16, 9, 55, 45, 25, 20]
[7, 'Newcastle', 38, 18, 11, 9, 65, 48, 26, 22]
[3, 'Newcastle', 38, 22, 11, 5, 77, 49, 20, 29]
[4, 'Newcastle', 38, 19, 12, 7, 69, 47, 23, 24]
[3, 'Newcastle', 38, 20, 12, 6, 72, 48, 19, 29]
[6, 'Newcastle', 38, 19, 11, 8, 68, 49, 25, 24]
[2, 'Newcastle', 38, 24, 12, 2, 84, 57, 13, 44]
[2, 'Newcastle', 38, 22, 10, 6, 76, 53, 19, 34]
[7, 'Newcastle', 38, 16, 14, 8, 62, 53, 26, 27]
[6, 'Newcastle', 38, 17, 17, 4, 68, 47, 17, 30]
[8, 'Newcastle', 38, 13, 15, 10, 54, 43, 29, 14]
[9, 'Newcastle', 38, 14, 11, 13, 53, 46, 39, 7]
Nottingham
[20, 'Nottingham', 38, 6, 9, 23, 27, 30, 60, -30]
[20, 'Nottingham', 38, 6, 6, 26, 24, 28, 77, -49]
[20, 'Nottingham', 38, 2, 8, 28, 14, 20, 76, -56]
[20, 'Nottingham', 38, 3, 6, 29, 15, 21, 75, -54]
[20, 'Nottingham', 38, 6, 9, 23, 27, 31, 72, -41]
[20, 'Nottingham', 38, 5, 7, 26, 22, 32, 82, -50]
[20, 'Nottingham', 38, 4, 10, 24, 22, 29, 73, -44]
[20, 'Nottingham', 38, 5, 8, 25, 23, 26, 70, -44]
[20, 'Nottingham', 38, 4, 5, 29, 17, 23, 86, -63]
[20, 'Nottingham', 38, 3, 15, 20, 24, 32, 69, -37]
[20, 'Nottingham', 38, 6, 3, 29, 21, 31, 82, -51]
[20, 'Nottingham', 38, 6, 7, 25, 25, 39, 79, -40]
[20, 'Nottingham', 38, 4, 9, 25, 21, 24, 70, -46]
[20, 'Nottingham', 38, 5, 6, 27, 21, 27, 72, -45]
[20, 'Nottingham', 38, 4, 9, 25, 21, 28, 71, -43]
[20, 'Nottingham', 38, 5, 8, 25, 23, 33, 68, -35]
[20, 'Nottingham', 38, 4, 6, 28, 18, 24, 84, -60]
[20, 'Nottingham', 38, 4, 6, 28, 18, 30, 82, -52]
[20, 'Nottingham', 38, 3, 11, 24, 20, 28, 66, -38]
[20, 'Nottingham', 38, 4, 5, 29, 17, 27, 86, -59]
[20, 'Nottingham', 38, 6, 7, 25, 25, 30, 64, -34]
[20, 'Nottingham', 38, 8, 6, 24, 30, 29, 70, -41]
[17, 'Nottingham', 38, 9, 10, 19, 37, 30, 54, -24]
[20, 'Nottingham', 38, 6, 8, 24, 26, 29, 75, -46]
[20, 'Nottingham', 38, 6, 10, 22, 28, 31, 76, -45]
[20, 'Nottingham', 38, 7, 10, 21, 31, 38, 68, -30]
[20, 'Nottingham', 38, 7, 7, 24, 28, 28, 58, -30]
[20, 'Nottingham', 38, 4, 11, 23, 23, 26, 70, -44]
[20, 'Nottingham', 38, 3, 9, 26, 18, 24, 67, -43]
[20, 'Nottingham', 38, 4, 6, 28, 18, 28, 77, -49]
[20, 'Nottingham', 38, 6, 9, 23, 27, 27, 67, -40]
[20, 'Nottingham', 38, 3, 7, 28, 16, 30, 85, -55]
[20, 'Nottingham', 38, 4, 4, 30, 16, 24, 83, -59]
[20, 'Nottingham', 38, 4, 8, 26, 20, 30, 79, -49]
[20, 'Nottingham', 38, 4, 9, 25, 21, 34, 75, -41]
[20, 'Nottingham', 38, 4, 7, 27, 19, 30, 77, -47]
[20, 'Nottingham', 38, 4, 12, 22, 24, 22, 59, -37]
[19, 'Nottingham', 38, 3, 12, 23, 21, 28, 73, -45]
[18, 'Nottingham', 38, 7, 12, 19, 33, 24, 56, -32]
[20, 'Nottingham', 38, 6, 5, 27, 23, 31, 73, -42]
[20, 'Nottingham', 38, 4, 11, 23, 23, 25, 64, -39]
[20, 'Nottingham', 38, 4, 6, 28, 18, 23, 67, -44]
[20, 'Nottingham', 38, 2, 8, 28, 14, 21, 81, -60]
[20, 'Nottingham', 38, 4, 7, 27, 19, 30, 83, -53]
[20, 'Nottingham', 38, 4, 6, 28, 18, 25, 71, -46]
[20, 'Nottingham', 38, 3, 9, 26, 18, 22, 62, -40]
[20, 'Nottingham', 38, 3, 9, 26, 18, 24, 68, -44]
[20, 'Nottingham', 38, 6, 8, 24, 26, 29, 68, -39]
[17, 'Nottingham', 38, 7, 13, 18, 34, 29, 51, -22]
[20, 'Nottingham', 38, 5, 7, 26, 22, 27, 78, -51]
[20, 'Nottingham', 38, 4, 5, 29, 17, 29, 83, -54]
[20, 'Nottingham', 38, 6, 7, 25, 25, 26, 65, -39]
[20, 'Nottingham', 38, 5, 8, 25, 23, 28, 71, -43]
[20, 'Nottingham', 38, 4, 9, 25, 21, 28, 70, -42]
[20, 'Nottingham', 38, 5, 4, 29, 19, 28, 84, -56]
[20, 'Nottingham', 38, 6, 7, 25, 25, 33, 71, -38]
[20, 'Nottingham', 38, 5, 6, 27, 21, 33, 80, -47]
[20, 'Nottingham', 38, 4, 9, 25, 21, 31, 76, -45]
[20, 'Nottingham', 38, 4, 6, 28, 18, 24, 80, -56]
[20, 'Nottingham', 38, 4, 8, 26, 20, 23, 74, -51]
[19, 'Nottingham', 38, 4, 12, 22, 24, 31, 74, -43]
[20, 'Nottingham', 38, 5, 13, 20, 28, 27, 57, -30]
[20, 'Nottingham', 38, 3, 6, 29, 15, 25, 96, -71]
[20, 'Nottingham', 38, 4, 7, 27, 19, 32, 78, -46]
[20, 'Nottingham', 38, 5, 9, 24, 24, 32, 69, -37]
[20, 'Nottingham', 38, 6, 10, 22, 28, 36, 73, -37]
[20, 'Nottingham', 38, 5, 9, 24, 24, 26, 67, -41]
[20, 'Nottingham', 38, 3, 8, 27, 17, 27, 82, -55]
[20, 'Nottingham', 38, 4, 8, 26, 20, 30, 77, -47]
[20, 'Nottingham', 38, 4, 11, 23, 23, 25, 72, -47]
[20, 'Nottingham', 38, 4, 8, 26, 20, 30, 75, -45]
[20, 'Nottingham', 38, 3, 9, 26, 18, 30, 79, -49]
[20, 'Nottingham', 38, 4, 5, 29, 17, 25, 86, -61]
[20, 'Nottingham', 38, 6, 4, 28, 22, 23, 88, -65]
[20, 'Nottingham', 38, 4, 8, 26, 20, 20, 65, -45]
[20, 'Nottingham', 38, 4, 6, 28, 18, 27, 76, -49]
[19, 'Nottingham', 38, 8, 6, 24, 30, 25, 78, -53]
[20, 'Nottingham', 38, 4, 8, 26, 20, 27, 79, -52]
[20, 'Nottingham', 38, 5, 7, 26, 22, 30, 78, -48]
[20, 'Nottingham', 38, 3, 9, 26, 18, 26, 67, -41]
[19, 'Nottingham', 38, 9, 5, 24, 32, 24, 55, -31]
[20, 'Nottingham', 38, 4, 9, 25, 21, 20, 63, -43]
[20, 'Nottingham', 38, 4, 10, 24, 22, 29, 68, -39]
[20, 'Nottingham', 38, 7, 8, 23, 29, 33, 65, -32]
[20, 'Nottingham', 38, 6, 11, 21, 29, 29, 61, -32]
[20, 'Nottingham', 38, 6, 8, 24, 26, 27, 82, -55]
[19, 'Nottingham', 38, 7, 11, 20, 32, 30, 62, -32]
[20, 'Nottingham', 38, 4, 7, 27, 19, 24, 74, -50]
[20, 'Nottingham', 38, 4, 12, 22, 24, 24, 57, -33]
[20, 'Nottingham', 38, 6, 8, 24, 26, 26, 66, -40]
[20, 'Nottingham', 38, 4, 8, 26, 20, 28, 67, -39]
[20, 'Nottingham', 38, 2, 6, 30, 12, 25, 88, -63]
[20, 'Nottingham', 38, 2, 10, 26, 16, 21, 71, -50]
[16, 'Nottingham', 38, 8, 12, 18, 36, 34, 55, -21]
[19, 'Nottingham', 38, 8, 8, 22, 32, 33, 63, -30]
[20, 'Nottingham', 38, 4, 7, 27, 19, 26, 71, -45]
[20, 'Nottingham', 38, 4, 10, 24, 22, 28, 70, -42]
[20, 'Nottingham', 38, 3, 10, 25, 19, 29, 70, -41]
[20, 'Nottingham', 38, 5, 10, 23, 25, 31, 74, -43]
[19, 'Nottingham', 38, 9, 7, 22, 34, 37, 57, -20]
Spurs
[4, 'Spurs', 38, 17, 13, 8, 64, 53, 34, 19]
[3, 'Spurs', 38, 22, 5, 11, 71, 52, 27, 25]
[4, 'Spurs', 38, 21, 7, 10, 70, 53, 32, 21]
[6, 'Spurs', 38, 16, 14, 8, 62, 58, 32, 26]
[5, 'Spurs', 38, 18, 13, 7, 67, 52, 28, 24]
[2, 'Spurs', 38, 22, 12, 4, 78, 54, 20, 34]
[3, 'Spurs', 38, 21, 9, 8, 72, 57, 27, 30]
[5, 'Spurs', 38, 20, 5, 13, 65, 51, 35, 16]
[5, 'Spurs', 38, 18, 11, 9, 65, 60, 39, 21]
[8, 'Spurs', 38, 18, 9, 11, 63, 53, 33, 20]
[7, 'Spurs', 38, 18, 10, 10, 64, 52, 35, 17]
[2, 'Spurs', 38, 23, 5, 10, 74, 60, 34, 26]
[5, 'Spurs', 38, 18, 9, 11, 63, 54, 34, 20]
[6, 'Spurs', 38, 19, 10, 9, 67, 56, 34, 22]
[5, 'Spurs', 38, 18, 12, 8, 66, 54, 32, 22]
[3, 'Spurs', 38, 20, 8, 10, 68, 57, 28, 29]
[3, 'Spurs', 38, 21, 9, 8, 72, 54, 32, 22]
[3, 'Spurs', 38, 22, 8, 8, 74, 55, 27, 28]
[4, 'Spurs', 38, 19, 9, 10, 66, 48, 34, 14]
[2, 'Spurs', 38, 23, 8, 7, 77, 54, 30, 24]
[6, 'Spurs', 38, 17, 11, 10, 62, 54, 33, 21]
[7, 'Spurs', 38, 19, 5, 14, 62, 54, 35, 19]
[5, 'Spurs', 38, 19, 10, 9, 67, 61, 34, 27]
[3, 'Spurs', 38, 21, 10, 7, 73, 55, 29, 26]
[2, 'Spurs', 38, 22, 9, 7, 75, 59, 26, 33]
[8, 'Spurs', 38, 15, 9, 14, 54, 53, 47, 6]
[4, 'Spurs', 38, 21, 7, 10, 70, 50, 29, 21]
[3, 'Spurs', 38, 22, 10, 6, 76, 60, 31, 29]
[3, 'Spurs', 38, 20, 11, 7, 71, 57, 29, 28]
[8, 'Spurs', 38, 16, 9, 13, 57, 54, 36, 18]
[3, 'Spurs', 38, 22, 9, 7, 75, 52, 26, 26]
[7, 'Spurs', 38, 18, 10, 10, 64, 45, 31, 14]
[3, 'Spurs', 38, 22, 6, 10, 72, 56, 34, 22]
[5, 'Spurs', 38, 18, 12, 8, 66, 50, 32, 18]
[2, 'Spurs', 38, 24, 8, 6, 80, 54, 25, 29]
[7, 'Spurs', 38, 19, 7, 12, 64, 51, 34, 17]
[8, 'Spurs', 38, 18, 8, 12, 62, 56, 41, 15]
[3, 'Spurs', 38, 23, 5, 10, 74, 63, 34, 29]
[13, 'Spurs', 38, 12, 11, 15, 47, 45, 52, -7]
[6, 'Spurs', 38, 19, 5, 14, 62, 52, 39, 13]
[5, 'Spurs', 38, 19, 8, 11, 65, 53, 38, 15]
[2, 'Spurs', 38, 23, 8, 7, 77, 53, 23, 30]
[5, 'Spurs', 38, 20, 8, 10, 68, 53, 31, 22]
[4, 'Spurs', 38, 21, 11, 6, 74, 63, 26, 37]
[4, 'Spurs', 38, 20, 5, 13, 65, 54, 36, 18]
[4, 'Spurs', 38, 20, 9, 9, 69, 53, 27, 26]
[8, 'Spurs', 38, 15, 9, 14, 54, 50, 40, 10]
[3, 'Spurs', 38, 23, 9, 6, 78, 55, 23, 32]
[2, 'Spurs', 38, 22, 10, 6, 76, 54, 24, 30]
[4, 'Spurs', 38, 20, 8, 10, 68, 54, 35, 19]
[2, 'Spurs', 38, 26, 5, 7, 83, 59, 22, 37]
[9, 'Spurs', 38, 17, 10, 11, 61, 49, 39, 10]
[8, 'Spurs', 38, 18, 5, 15, 59, 57, 38, 19]
[5, 'Spurs', 38, 19, 6, 13, 63, 51, 38, 13]
[3, 'Spurs', 38, 20, 6, 12, 66, 59, 38, 21]
[2, 'Spurs', 38, 21, 9, 8, 72, 52, 29, 23]
[4, 'Spurs', 38, 20, 9, 9, 69, 58, 32, 26]
[4, 'Spurs', 38, 19, 12, 7, 69, 51, 30, 21]
[7, 'Spurs', 38, 16, 9, 13, 57, 52, 44, 8]
[4, 'Spurs', 38, 21, 8, 9, 71, 61, 32, 29]
[3, 'Spurs', 38, 22, 8, 8, 74, 58, 28, 30]
[8, 'Spurs', 38, 16, 9, 13, 57, 53, 38, 15]
[4, 'Spurs', 38, 20, 6, 12, 66, 57, 33, 24]
[9, 'Spurs', 38, 17, 7, 14, 58, 51, 43, 8]
[3, 'Spurs', 38, 22, 11, 5, 77, 60, 23, 37]
[6, 'Spurs', 38, 17, 14, 7, 65, 54, 30, 24]
[6, 'Spurs', 38, 20, 5, 13, 65, 47, 30, 17]
[7, 'Spurs', 38, 16, 10, 12, 58, 50, 35, 15]
[2, 'Spurs', 38, 24, 8, 6, 80, 59, 25, 34]
[7, 'Spurs', 38, 16, 13, 9, 61, 53, 36, 17]
[4, 'Spurs', 38, 20, 11, 7, 71, 60, 34, 26]
[5, 'Spurs', 38, 18, 11, 9, 65, 58, 36, 22]
[8, 'Spurs', 38, 15, 10, 13, 55, 50, 41, 9]
[5, 'Spurs', 38, 19, 13, 6, 70, 58, 26, 32]
[7, 'Spurs', 38, 17, 14, 7, 65, 59, 38, 21]
[5, 'Spurs', 38, 19, 9, 10, 66, 49, 27, 22]
[3, 'Spurs', 38, 23, 10, 5, 79, 56, 21, 35]
[4, 'Spurs', 38, 21, 5, 12, 68, 55, 33, 22]
[4, 'Spurs', 38, 21, 8, 9, 71, 56, 30, 26]
[3, 'Spurs', 38, 22, 7, 9, 73, 53, 27, 26]
[5, 'Spurs', 38, 19, 9, 10, 66, 52, 31, 21]
[3, 'Spurs', 38, 22, 10, 6, 76, 50, 22, 28]
[4, 'Spurs', 38, 20, 10, 8, 70, 60, 31, 29]
[3, 'Spurs', 38, 19, 9, 10, 66, 53, 31, 22]
[3, 'Spurs', 38, 24, 7, 7, 79, 57, 25, 32]
[3, 'Spurs', 38, 22, 8, 8, 74, 57, 30, 27]
[5, 'Spurs', 38, 19, 8, 11, 65, 59, 37, 22]
[4, 'Spurs', 38, 19, 10, 9, 67, 55, 37, 18]
[6, 'Spurs', 38, 17, 9, 12, 60, 47, 33, 14]
[4, 'Spurs', 38, 19, 9, 10, 66, 57, 36, 21]
[5, 'Spurs', 38, 20, 7, 11, 67, 58, 39, 19]
[8, 'Spurs', 38, 18, 5, 15, 59, 51, 42, 9]
[4, 'Spurs', 38, 20, 11, 7, 71, 63, 33, 30]
[5, 'Spurs', 38, 19, 11, 8, 68, 59, 31, 28]
[6, 'Spurs', 38, 19, 8, 11, 65, 52, 34, 18]
[5, 'Spurs', 38, 19, 8, 11, 65, 53, 33, 20]
[2, 'Spurs', 38, 23, 10, 5, 79, 62, 21, 41]
[2, 'Spurs', 38, 22, 12, 4, 78, 56, 21, 35]
[5, 'Spurs', 38, 18, 11, 9, 65, 52, 34, 18]
[8, 'Spurs', 38, 14, 11, 13, 53, 49, 38, 11]
Southampton
[18, 'Southampton', 38, 6, 13, 19, 31, 34, 56, -22]
[19, 'Southampton', 38, 7, 9, 22, 30, 32, 56, -24]
[10, 'Southampton', 38, 14, 8, 16, 50, 42, 48, -6]
[16, 'Southampton', 38, 8, 11, 19, 35, 29, 46, -17]
[15, 'Southampton', 38, 9, 11, 18, 38, 32, 52, -20]
[17, 'Southampton', 38, 9, 10, 19, 37, 32, 48, -16]
[16, 'Southampton', 38, 10, 10, 18, 40, 32, 48, -16]
[17, 'Southampton', 38, 9, 9, 20, 36, 32, 52, -20]
[14, 'Southampton', 38, 11, 10, 17, 43, 35, 47, -12]
[14, 'Southampton', 38, 9, 10, 19, 37, 34, 51, -17]
[17, 'Southampton', 38, 8, 10, 20, 34, 34, 54, -20]
[18, 'Southampton', 38, 8, 13, 17, 37, 34, 49, -15]
[11, 'Southampton', 38, 10, 15, 13, 45, 38, 44, -6]
[18, 'Southampton', 38, 7, 11, 20, 32, 30, 56, -26]
[17, 'Southampton', 38, 7, 15, 16, 36, 31, 44, -13]
[18, 'Southampton', 38, 7, 10, 21, 31, 30, 52, -22]
[14, 'Southampton', 38, 9, 16, 13, 43, 37, 45, -8]
[16, 'Southampton', 38, 10, 9, 19, 39, 32, 48, -16]
[18, 'Southampton', 38, 6, 13, 19, 31, 29, 50, -21]
[18, 'Southampton', 38, 8, 12, 18, 36, 33, 50, -17]
[17, 'Southampton', 38, 8, 10, 20, 34, 34, 56, -22]
[18, 'Southampton', 38, 8, 11, 19, 35, 32, 45, -13]
[20, 'Southampton', 38, 5, 15, 18, 30, 31, 53, -22]
[18, 'Southampton', 38, 7, 11, 20, 32, 30, 54, -24]
[12, 'Southampton', 38, 11, 12, 15, 45, 29, 34, -5]
[19, 'Southampton', 38, 7, 12, 19, 33, 32, 54, -22]
[19, 'Southampton', 38, 7, 9, 22, 30, 33, 63, -30]
[18, 'Southampton', 38, 7, 10, 21, 31, 33, 59, -26]
[19, 'Southampton', 38, 5, 12, 21, 27, 30, 54, -24]
[16, 'Southampton', 38, 9, 10, 19, 37, 32, 60, -28]
[10, 'Southampton', 38, 13, 12, 13, 51, 34, 37, -3]
[19, 'Southampton', 38, 8, 9, 21, 33, 31, 51, -20]
[17, 'Southampton', 38, 8, 13, 17, 37, 37, 51, -14]
[18, 'Southampton', 38, 6, 12, 20, 30, 30, 58, -28]
[14, 'Southampton', 38, 9, 14, 15, 41, 37, 49, -12]
[11, 'Southampton', 38, 13, 10, 15, 49, 35, 39, -4]
[10, 'Southampton', 38, 10, 17, 11, 47, 35, 42, -7]
[15, 'Southampton', 38, 8, 12, 18, 36, 33, 48, -15]
[16, 'Southampton', 38, 8, 13, 17, 37, 37, 48, -11]
[18, 'Southampton', 38, 6, 15, 17, 33, 33, 54, -21]
[17, 'Southampton', 38, 8, 13, 17, 37, 31, 46, -15]
[17, 'Southampton', 38, 7, 12, 19, 33, 32, 53, -21]
[15, 'Southampton', 38, 9, 12, 17, 39, 33, 48, -15]
[17, 'Southampton', 38, 8, 11, 19, 35, 29, 49, -20]
[16, 'Southampton', 38, 10, 11, 17, 41, 31, 44, -13]
[19, 'Southampton', 38, 7, 11, 20, 32, 31, 54, -23]
[14, 'Southampton', 38, 9, 14, 15, 41, 38, 50, -12]
[17, 'Southampton', 38, 8, 11, 19, 35, 28, 47, -19]
[19, 'Southampton', 38, 6, 12, 20, 30, 30, 53, -23]
[17, 'Southampton', 38, 9, 13, 16, 40, 33, 44, -11]
[16, 'Southampton', 38, 8, 14, 16, 38, 35, 48, -13]
[17, 'Southampton', 38, 5, 15, 18, 30, 33, 55, -22]
[14, 'Southampton', 38, 9, 14, 15, 41, 35, 52, -17]
[16, 'Southampton', 38, 10, 10, 18, 40, 34, 47, -13]
[14, 'Southampton', 38, 8, 16, 14, 40, 33, 45, -12]
[17, 'Southampton', 38, 9, 13, 16, 40, 31, 44, -13]
[17, 'Southampton', 38, 8, 12, 18, 36, 33, 54, -21]
[19, 'Southampton', 38, 4, 13, 21, 25, 31, 56, -25]
[18, 'Southampton', 38, 7, 12, 19, 33, 32, 49, -17]
[18, 'Southampton', 38, 7, 8, 23, 29, 31, 55, -24]
[15, 'Southampton', 38, 10, 12, 16, 42, 32, 44, -12]
[17, 'Southampton', 38, 7, 12, 19, 33, 28, 50, -22]
[19, 'Southampton', 38, 6, 15, 17, 33, 31, 45, -14]
[14, 'Southampton', 38, 11, 11, 16, 44, 41, 49, -8]
[17, 'Southampton', 38, 8, 9, 21, 33, 35, 57, -22]
[17, 'Southampton', 38, 7, 15, 16, 36, 33, 49, -16]
[14, 'Southampton', 38, 10, 11, 17, 41, 31, 43, -12]
[15, 'Southampton', 38, 9, 16, 13, 43, 34, 44, -10]
[16, 'Southampton', 38, 10, 8, 20, 38, 33, 50, -17]
[17, 'Southampton', 38, 8, 8, 22, 32, 33, 56, -23]
[14, 'Southampton', 38, 10, 10, 18, 40, 33, 49, -16]
[17, 'Southampton', 38, 9, 10, 19, 37, 34, 50, -16]
[11, 'Southampton', 38, 11, 15, 12, 48, 34, 38, -4]
[14, 'Southampton', 38, 9, 13, 16, 40, 32, 47, -15]
[14, 'Southampton', 38, 9, 13, 16, 40, 35, 46, -11]
[16, 'Southampton', 38, 9, 12, 17, 39, 29, 45, -16]
[13, 'Southampton', 38, 11, 8, 19, 41, 37, 52, -15]
[19, 'Southampton', 38, 6, 13, 19, 31, 30, 51, -21]
[17, 'Southampton', 38, 6, 12, 20, 30, 28, 51, -23]
[16, 'Southampton', 38, 9, 14, 15, 41, 36, 50, -14]
[14, 'Southampton', 38, 11, 8, 19, 41, 33, 49, -16]
[19, 'Southampton', 38, 6, 11, 21, 29, 24, 46, -22]
[15, 'Southampton', 38, 10, 9, 19, 39, 37, 52, -15]
[14, 'Southampton', 38, 11, 10, 17, 43, 32, 44, -12]
[16, 'Southampton', 38, 8, 12, 18, 36, 33, 54, -21]
[18, 'Southampton', 38, 7, 13, 18, 34, 30, 48, -18]
[13, 'Southampton', 38, 11, 9, 18, 42, 33, 47, -14]
[11, 'Southampton', 38, 13, 11, 14, 50, 35, 44, -9]
[16, 'Southampton', 38, 8, 13, 17, 37, 32, 51, -19]
[19, 'Southampton', 38, 6, 12, 20, 30, 32, 60, -28]
[19, 'Southampton', 38, 6, 12, 20, 30, 30, 52, -22]
[19, 'Southampton', 38, 6, 10, 22, 28, 27, 53, -26]
[17, 'Southampton', 38, 9, 10, 19, 37, 31, 48, -17]
[15, 'Southampton', 38, 9, 10, 19, 37, 36, 55, -19]
[16, 'Southampton', 38, 10, 8, 20, 38, 34, 56, -22]
[18, 'Southampton', 38, 6, 15, 17, 33, 28, 47, -19]
[14, 'Southampton', 38, 9, 11, 18, 38, 38, 51, -13]
[17, 'Southampton', 38, 8, 10, 20, 34, 33, 56, -23]
[10, 'Southampton', 38, 10, 18, 10, 48, 38, 40, -2]
[17, 'Southampton', 38, 8, 13, 17, 37, 28, 44, -16]
Everton
[11, 'Everton', 38, 13, 11, 14, 50, 35, 36, -1]
[10, 'Everton', 38, 13, 14, 11, 53, 34, 27, 7]
[9, 'Everton', 38, 14, 9, 15, 51, 34, 30, 4]
[10, 'Everton', 38, 13, 12, 13, 51, 33, 29, 4]
[11, 'Everton', 38, 11, 15, 12, 48, 30, 33, -3]
[10, 'Everton', 38, 13, 12, 13, 51, 34, 25, 9]
[12, 'Everton', 38, 10, 14, 14, 44, 34, 37, -3]
[9, 'Everton', 38, 16, 9, 13, 57, 33, 27, 6]
[8, 'Everton', 38, 15, 10, 13, 55, 33, 32, 1]
[9, 'Everton', 38, 13, 12, 13, 51, 37, 30, 7]
[10, 'Everton', 38, 12, 11, 15, 47, 31, 32, -1]
[15, 'Everton', 38, 10, 12, 16, 42, 28, 32, -4]
[10, 'Everton', 38, 12, 16, 10, 52, 32, 26, 6]
[12, 'Everton', 38, 9, 12, 17, 39, 27, 39, -12]
[12, 'Everton', 38, 10, 15, 13, 45, 29, 28, 1]
[9, 'Everton', 38, 12, 17, 9, 53, 32, 29, 3]
[11, 'Everton', 38, 13, 9, 16, 48, 34, 40, -6]
[10, 'Everton', 38, 12, 13, 13, 49, 33, 32, 1]
[11, 'Everton', 38, 13, 9, 16, 48, 30, 39, -9]
[16, 'Everton', 38, 8, 15, 15, 39, 29, 36, -7]
[13, 'Everton', 38, 11, 12, 15, 45, 29, 36, -7]
[15, 'Everton', 38, 9, 11, 18, 38, 28, 37, -9]
[18, 'Everton', 38, 6, 16, 16, 34, 26, 38, -12]
[12, 'Everton', 38, 11, 13, 14, 46, 28, 31, -3]
[11, 'Everton', 38, 12, 10, 16, 46, 37, 38, -1]
[9, 'Everton', 38, 12, 16, 10, 52, 32, 31, 1]
[12, 'Everton', 38, 11, 10, 17, 43, 29, 34, -5]
[10, 'Everton', 38, 12, 11, 15, 47, 36, 41, -5]
[10, 'Everton', 38, 12, 12, 14, 48, 33, 39, -6]
[13, 'Everton', 38, 11, 12, 15, 45, 29, 35, -6]
[9, 'Everton', 38, 14, 10, 14, 52, 32, 32, 0]
[17, 'Everton', 38, 8, 14, 16, 38, 31, 42, -11]
[11, 'Everton', 38, 13, 10, 15, 49, 36, 33, 3]
[10, 'Everton', 38, 15, 11, 12, 56, 35, 28, 7]
[16, 'Everton', 38, 8, 13, 17, 37, 32, 43, -11]
[10, 'Everton', 38, 13, 10, 15, 49, 28, 28, 0]
[9, 'Everton', 38, 16, 12, 10, 60, 35, 25, 10]
[9, 'Everton', 38, 13, 15, 10, 54, 34, 24, 10]
[8, 'Everton', 38, 14, 9, 15, 51, 35, 30, 5]
[12, 'Everton', 38, 10, 13, 15, 43, 31, 33, -2]
[9, 'Everton', 38, 14, 12, 12, 54, 29, 25, 4]
[14, 'Everton', 38, 8, 13, 17, 37, 33, 41, -8]
[16, 'Everton', 38, 7, 15, 16, 36, 27, 39, -12]
[11, 'Everton', 38, 11, 12, 15, 45, 31, 37, -6]
[13, 'Everton', 38, 10, 12, 16, 42, 28, 36, -8]
[11, 'Everton', 38, 10, 17, 11, 47, 27, 29, -2]
[9, 'Everton', 38, 14, 11, 13, 53, 30, 27, 3]
[9, 'Everton', 38, 14, 11, 13, 53, 33, 31, 2]
[12, 'Everton', 38, 11, 11, 16, 44, 34, 40, -6]
[16, 'Everton', 38, 10, 11, 17, 41, 31, 37, -6]
[12, 'Everton', 38, 11, 11, 16, 44, 31, 34, -3]
[11, 'Everton', 38, 11, 14, 13, 47, 31, 34, -3]
[10, 'Everton', 38, 11, 14, 13, 47, 31, 30, 1]
[10, 'Everton', 38, 13, 16, 9, 55, 39, 26, 13]
[11, 'Everton', 38, 14, 12, 12, 54, 29, 26, 3]
[13, 'Everton', 38, 11, 12, 15, 45, 32, 37, -5]
[13, 'Everton', 38, 11, 12, 15, 45, 37, 40, -3]
[14, 'Everton', 38, 10, 14, 14, 44, 28, 34, -6]
[17, 'Everton', 38, 8, 14, 16, 38, 31, 43, -12]
[7, 'Everton', 38, 15, 12, 11, 57, 31, 23, 8]
[16, 'Everton', 38, 10, 10, 18, 40, 32, 41, -9]
[11, 'Everton', 38, 11, 13, 14, 46, 30, 33, -3]
[8, 'Everton', 38, 16, 15, 7, 63, 32, 21, 11]
[12, 'Everton', 38, 13, 8, 17, 47, 31, 39, -8]
[11, 'Everton', 38, 11, 15, 12, 48, 36, 35, 1]
[9, 'Everton', 38, 11, 13, 14, 46, 34, 33, 1]
[10, 'Everton', 38, 15, 8, 15, 53, 36, 27, 9]
[13, 'Everton', 38, 11, 13, 14, 46, 28, 29, -1]
[11, 'Everton', 38, 13, 12, 13, 51, 35, 32, 3]
[11, 'Everton', 38, 13, 12, 13, 51, 31, 30, 1]
[10, 'Everton', 38, 13, 10, 15, 49, 36, 36, 0]
[11, 'Everton', 38, 12, 13, 13, 49, 32, 32, 0]
[10, 'Everton', 38, 12, 13, 13, 49, 36, 31, 5]
[10, 'Everton', 38, 12, 13, 13, 49, 30, 27, 3]
[13, 'Everton', 38, 10, 10, 18, 40, 31, 36, -5]
[10, 'Everton', 38, 10, 15, 13, 45, 32, 31, 1]
[20, 'Everton', 38, 6, 10, 22, 28, 20, 42, -22]
[10, 'Everton', 38, 13, 12, 13, 51, 37, 33, 4]
[11, 'Everton', 38, 13, 13, 12, 52, 32, 30, 2]
[9, 'Everton', 38, 14, 10, 14, 52, 33, 29, 4]
[10, 'Everton', 38, 14, 12, 12, 54, 31, 26, 5]
[13, 'Everton', 38, 11, 11, 16, 44, 27, 32, -5]
[11, 'Everton', 38, 13, 9, 16, 48, 33, 36, -3]
[9, 'Everton', 38, 14, 12, 12, 54, 35, 28, 7]
[15, 'Everton', 38, 8, 12, 18, 36, 26, 38, -12]
[12, 'Everton', 38, 9, 14, 15, 41, 29, 38, -9]
[8, 'Everton', 38, 15, 12, 11, 57, 34, 27, 7]
[14, 'Everton', 38, 9, 17, 12, 44, 34, 42, -8]
[14, 'Everton', 38, 8, 16, 14, 40, 34, 36, -2]
[9, 'Everton', 38, 13, 7, 18, 46, 34, 38, -4]
[8, 'Everton', 38, 16, 10, 12, 58, 33, 30, 3]
[15, 'Everton', 38, 9, 16, 13, 43, 32, 35, -3]
[12, 'Everton', 38, 11, 11, 16, 44, 32, 38, -6]
[11, 'Everton', 38, 12, 14, 12, 50, 32, 26, 6]
[13, 'Everton', 38, 10, 13, 15, 43, 37, 39, -2]
[10, 'Everton', 38, 12, 13, 13, 49, 31, 29, 2]
[13, 'Everton', 38, 9, 12, 17, 39, 33, 38, -5]
[13, 'Everton', 38, 10, 11, 17, 41, 31, 42, -11]
[13, 'Everton', 38, 11, 11, 16, 44, 33, 40, -7]
[10, 'Everton', 38, 13, 12, 13, 51, 33, 29, 4]
Chelsea
[10, 'Chelsea', 38, 14, 9, 15, 51, 50, 52, -2]
[9, 'Chelsea', 38, 16, 8, 14, 56, 47, 43, 4]
[6, 'Chelsea', 38, 15, 16, 7, 61, 46, 28, 18]
[9, 'Chelsea', 38, 16, 12, 10, 60, 53, 36, 17]
[3, 'Chelsea', 38, 20, 9, 9, 69, 49, 27, 22]
[3, 'Chelsea', 38, 22, 9, 7, 75, 56, 29, 27]
[7, 'Chelsea', 38, 17, 9, 12, 60, 50, 41, 9]
[10, 'Chelsea', 38, 15, 10, 13, 55, 47, 46, 1]
[4, 'Chelsea', 38, 19, 10, 9, 67, 52, 36, 16]
[5, 'Chelsea', 38, 21, 8, 9, 71, 49, 25, 24]
[5, 'Chelsea', 38, 19, 10, 9, 67, 48, 34, 14]
[7, 'Chelsea', 38, 16, 11, 11, 59, 45, 38, 7]
[3, 'Chelsea', 38, 20, 12, 6, 72, 50, 25, 25]
[4, 'Chelsea', 38, 20, 10, 8, 70, 49, 28, 21]
[2, 'Chelsea', 38, 20, 10, 8, 70, 49, 31, 18]
[5, 'Chelsea', 38, 19, 7, 12, 64, 54, 46, 8]
[7, 'Chelsea', 38, 18, 8, 12, 62, 56, 37, 19]
[4, 'Chelsea', 38, 22, 7, 9, 73, 47, 25, 22]
[6, 'Chelsea', 38, 18, 10, 10, 64, 50, 43, 7]
[8, 'Chelsea', 38, 16, 9, 13, 57, 51, 41, 10]
[3, 'Chelsea', 38, 20, 10, 8, 70, 56, 30, 26]
[6, 'Chelsea', 38, 19, 7, 12, 64, 59, 44, 15]
[3, 'Chelsea', 38, 22, 9, 7, 75, 50, 28, 22]
[4, 'Chelsea', 38, 20, 11, 7, 71, 51, 27, 24]
[6, 'Chelsea', 38, 18, 7, 13, 61, 49, 37, 12]
[6, 'Chelsea', 38, 19, 4, 15, 61, 53, 45, 8]
[8, 'Chelsea', 38, 17, 9, 12, 60, 54, 45, 9]
[4, 'Chelsea', 38, 21, 9, 8, 72, 53, 28, 25]
[5, 'Chelsea', 38, 19, 9, 10, 66, 54, 39, 15]
[3, 'Chelsea', 38, 22, 10, 6, 76, 59, 29, 30]
[6, 'Chelsea', 38, 20, 4, 14, 64, 55, 40, 15]
[4, 'Chelsea', 38, 18, 11, 9, 65, 44, 31, 13]
[2, 'Chelsea', 38, 20, 12, 6, 72, 57, 29, 28]
[3, 'Chelsea', 38, 22, 6, 10, 72, 56, 36, 20]
[5, 'Chelsea', 38, 19, 11, 8, 68, 56, 37, 19]
[2, 'Chelsea', 38, 24, 9, 5, 81, 53, 24, 29]
[6, 'Chelsea', 38, 20, 7, 11, 67, 49, 35, 14]
[6, 'Chelsea', 38, 19, 11, 8, 68, 54, 30, 24]
[3, 'Chelsea', 38, 20, 9, 9, 69, 48, 28, 20]
[8, 'Chelsea', 38, 15, 14, 9, 59, 50, 44, 6]
[3, 'Chelsea', 38, 21, 8, 9, 71, 54, 34, 20]
[8, 'Chelsea', 38, 18, 7, 13, 61, 47, 41, 6]
[3, 'Chelsea', 38, 21, 11, 6, 74, 57, 28, 29]
[5, 'Chelsea', 38, 22, 7, 9, 73, 58, 30, 28]
[6, 'Chelsea', 38, 18, 10, 10, 64, 45, 29, 16]
[6, 'Chelsea', 38, 19, 10, 9, 67, 51, 37, 14]
[4, 'Chelsea', 38, 20, 11, 7, 71, 56, 33, 23]
[4, 'Chelsea', 38, 22, 9, 7, 75, 51, 28, 23]
[4, 'Chelsea', 38, 20, 9, 9, 69, 47, 29, 18]
[5, 'Chelsea', 38, 20, 7, 11, 67, 51, 34, 17]
[4, 'Chelsea', 38, 19, 12, 7, 69, 50, 29, 21]
[6, 'Chelsea', 38, 20, 7, 11, 67, 45, 35, 10]
[7, 'Chelsea', 38, 19, 8, 11, 65, 50, 34, 16]
[6, 'Chelsea', 38, 17, 10, 11, 61, 48, 41, 7]
[7, 'Chelsea', 38, 18, 8, 12, 62, 50, 35, 15]
[7, 'Chelsea', 38, 15, 14, 9, 59, 48, 37, 11]
[3, 'Chelsea', 38, 21, 10, 7, 73, 56, 32, 24]
[6, 'Chelsea', 38, 17, 11, 10, 62, 48, 34, 14]
[5, 'Chelsea', 38, 20, 7, 11, 67, 58, 36, 22]
[3, 'Chelsea', 38, 22, 11, 5, 77, 54, 24, 30]
[6, 'Chelsea', 38, 18, 10, 10, 64, 57, 40, 17]
[5, 'Chelsea', 38, 17, 11, 10, 62, 48, 42, 6]
[5, 'Chelsea', 38, 17, 14, 7, 65, 47, 29, 18]
[2, 'Chelsea', 38, 22, 7, 9, 73, 60, 33, 27]
[5, 'Chelsea', 38, 20, 10, 8, 70, 51, 29, 22]
[3, 'Chelsea', 38, 21, 7, 10, 70, 56, 36, 20]
[7, 'Chelsea', 38, 19, 7, 12, 64, 54, 43, 11]
[5, 'Chelsea', 38, 16, 11, 11, 59, 54, 39, 15]
[3, 'Chelsea', 38, 22, 6, 10, 72, 46, 28, 18]
[5, 'Chelsea', 38, 18, 11, 9, 65, 49, 35, 14]
[3, 'Chelsea', 38, 21, 9, 8, 72, 55, 32, 23]
[10, 'Chelsea', 38, 12, 15, 11, 51, 48, 51, -3]
[5, 'Chelsea', 38, 17, 11, 10, 62, 45, 35, 10]
[3, 'Chelsea', 38, 23, 9, 6, 78, 51, 22, 29]
[3, 'Chelsea', 38, 23, 8, 7, 77, 50, 22, 28]
[4, 'Chelsea', 38, 21, 9, 8, 72, 50, 24, 26]
[7, 'Chelsea', 38, 19, 8, 11, 65, 55, 40, 15]
[3, 'Chelsea', 38, 22, 7, 9, 73, 54, 29, 25]
[6, 'Chelsea', 38, 19, 10, 9, 67, 54, 31, 23]
[6, 'Chelsea', 38, 17, 10, 11, 61, 47, 34, 13]
[4, 'Chelsea', 38, 19, 10, 9, 67, 49, 28, 21]
[7, 'Chelsea', 38, 17, 7, 14, 58, 47, 41, 6]
[5, 'Chelsea', 38, 19, 10, 9, 67, 52, 32, 20]
[6, 'Chelsea', 38, 17, 13, 8, 64, 52, 45, 7]
[5, 'Chelsea', 38, 21, 7, 10, 70, 55, 32, 23]
[4, 'Chelsea', 38, 19, 11, 8, 68, 48, 33, 15]
[4, 'Chelsea', 38, 21, 7, 10, 70, 56, 31, 25]
[2, 'Chelsea', 38, 23, 8, 7, 77, 56, 33, 23]
[4, 'Chelsea', 38, 18, 14, 6, 68, 46, 29, 17]
[5, 'Chelsea', 38, 19, 9, 10, 66, 52, 32, 20]
[10, 'Chelsea', 38, 15, 10, 13, 55, 50, 48, 2]
[3, 'Chelsea', 38, 22, 4, 12, 70, 56, 32, 24]
[6, 'Chelsea', 38, 20, 7, 11, 67, 48, 34, 14]
[8, 'Chelsea', 38, 19, 6, 13, 63, 57, 40, 17]
[4, 'Chelsea', 38, 19, 10, 9, 67, 52, 36, 16]
[4, 'Chelsea', 38, 18, 14, 6, 68, 46, 28, 18]
[6, 'Chelsea', 38, 19, 8, 11, 65, 53, 32, 21]
[3, 'Chelsea', 38, 20, 13, 5, 73, 45, 23, 22]
[2, 'Chelsea', 38, 24, 6, 8, 78, 54, 25, 29]
[4, 'Chelsea', 38, 17, 11, 10, 62, 48, 38, 10]
Leicester
[12, 'Leicester', 38, 13, 7, 18, 46, 54, 53, 1]
[15, 'Leicester', 38, 10, 10, 18, 40, 45, 53, -8]
[17, 'Leicester', 38, 10, 9, 19, 39, 46, 57, -11]
[19, 'Leicester', 38, 8, 7, 23, 31, 42, 71, -29]
[14, 'Leicester', 38, 13, 5, 20, 44, 47, 46, 1]
[16, 'Leicester', 38, 11, 8, 19, 41, 51, 58, -7]
[14, 'Leicester', 38, 12, 5, 21, 41, 50, 56, -6]
[12, 'Leicester', 38, 14, 5, 19, 47, 53, 58, -5]
[15, 'Leicester', 38, 8, 15, 15, 39, 48, 51, -3]
[17, 'Leicester', 38, 10, 5, 23, 35, 47, 72, -25]
[11, 'Leicester', 38, 13, 7, 18, 46, 53, 53, 0]
[14, 'Leicester', 38, 13, 5, 20, 44, 47, 66, -19]
[16, 'Leicester', 38, 10, 7, 21, 37, 39, 53, -14]
[10, 'Leicester', 38, 14, 8, 16, 50, 56, 46, 10]
[10, 'Leicester', 38, 12, 11, 15, 47, 49, 51, -2]
[12, 'Leicester', 38, 11, 11, 16, 44, 51, 50, 1]
[16, 'Leicester', 38, 11, 8, 19, 41, 50, 62, -12]
[11, 'Leicester', 38, 13, 8, 17, 47, 43, 55, -12]
[10, 'Leicester', 38, 15, 7, 16, 52, 51, 49, 2]
[11, 'Leicester', 38, 14, 5, 19, 47, 58, 53, 5]
[11, 'Leicester', 38, 14, 5, 19, 47, 54, 65, -11]
[12, 'Leicester', 38, 11, 10, 17, 43, 56, 72, -16]
[10, 'Leicester', 38, 13, 7, 18, 46, 54, 62, -8]
[11, 'Leicester', 38, 14, 6, 18, 48, 55, 60, -5]
[13, 'Leicester', 38, 12, 7, 19, 43, 52, 59, -7]
[16, 'Leicester', 38, 13, 4, 21, 43, 45, 60, -15]
[14, 'Leicester', 38, 11, 8, 19, 41, 51, 56, -5]
[15, 'Leicester', 38, 11, 8, 19, 41, 47, 57, -10]
[13, 'Leicester', 38, 13, 6, 19, 45, 47, 57, -10]
[18, 'Leicester', 38, 8, 7, 23, 31, 38, 56, -18]
[12, 'Leicester', 38, 13, 5, 20, 44, 56, 68, -12]
[13, 'Leicester', 38, 14, 2, 22, 44, 54, 71, -17]
[18, 'Leicester', 38, 10, 6, 22, 36, 45, 69, -24]
[11, 'Leicester', 38, 15, 3, 20, 48, 48, 53, -5]
[11, 'Leicester', 38, 12, 9, 17, 45, 51, 49, 2]
[14, 'Leicester', 38, 13, 5, 20, 44, 55, 48, 7]
[13, 'Leicester', 38, 11, 8, 19, 41, 50, 64, -14]
[12, 'Leicester', 38, 12, 9, 17, 45, 46, 53, -7]
[17, 'Leicester', 38, 9, 8, 21, 35, 47, 66, -19]
[10, 'Leicester', 38, 15, 7, 16, 52, 50, 49, 1]
[11, 'Leicester', 38, 14, 5, 19, 47, 52, 58, -6]
[13, 'Leicester', 38, 13, 5, 20, 44, 52, 60, -8]
[11, 'Leicester', 38, 13, 8, 17, 47, 47, 57, -10]
[8, 'Leicester', 38, 17, 7, 14, 58, 59, 43, 16]
[10, 'Leicester', 38, 13, 8, 17, 47, 55, 54, 1]
[15, 'Leicester', 38, 10, 10, 18, 40, 41, 61, -20]
[13, 'Leicester', 38, 13, 5, 20, 44, 46, 60, -14]
[13, 'Leicester', 38, 13, 6, 19, 45, 48, 55, -7]
[11, 'Leicester', 38, 12, 9, 17, 45, 52, 58, -6]
[13, 'Leicester', 38, 12, 7, 19, 43, 52, 60, -8]
[14, 'Leicester', 38, 13, 4, 21, 43, 51, 61, -10]
[14, 'Leicester', 38, 11, 6, 21, 39, 44, 62, -18]
[9, 'Leicester', 38, 15, 6, 17, 51, 56, 55, 1]
[12, 'Leicester', 38, 13, 9, 16, 48, 49, 48, 1]
[10, 'Leicester', 38, 16, 6, 16, 54, 58, 41, 17]
[12, 'Leicester', 38, 13, 8, 17, 47, 48, 48, 0]
[12, 'Leicester', 38, 12, 10, 16, 46, 54, 57, -3]
[11, 'Leicester', 38, 13, 9, 16, 48, 50, 54, -4]
[15, 'Leicester', 38, 12, 6, 20, 42, 42, 62, -20]
[11, 'Leicester', 38, 15, 6, 17, 51, 60, 55, 5]
[10, 'Leicester', 38, 14, 6, 18, 48, 56, 51, 5]
[9, 'Leicester', 38, 17, 3, 18, 54, 53, 48, 5]
[10, 'Leicester', 38, 14, 8, 16, 50, 59, 53, 6]
[13, 'Leicester', 38, 12, 8, 18, 44, 48, 56, -8]
[10, 'Leicester', 38, 13, 9, 16, 48, 53, 51, 2]
[13, 'Leicester', 38, 13, 4, 21, 43, 51, 65, -14]
[13, 'Leicester', 38, 13, 5, 20, 44, 49, 63, -14]
[12, 'Leicester', 38, 14, 6, 18, 48, 53, 59, -6]
[15, 'Leicester', 38, 10, 8, 20, 38, 49, 56, -7]
[13, 'Leicester', 38, 13, 8, 17, 47, 51, 62, -11]
[18, 'Leicester', 38, 9, 7, 22, 34, 52, 78, -26]
[18, 'Leicester', 38, 8, 12, 18, 36, 46, 62, -16]
[16, 'Leicester', 38, 13, 5, 20, 44, 46, 63, -17]
[16, 'Leicester', 38, 9, 9, 20, 36, 51, 54, -3]
[11, 'Leicester', 38, 14, 5, 19, 47, 60, 59, 1]
[19, 'Leicester', 38, 7, 6, 25, 27, 41, 65, -24]
[14, 'Leicester', 38, 10, 9, 19, 39, 46, 61, -15]
[16, 'Leicester', 38, 12, 4, 22, 40, 50, 71, -21]
[16, 'Leicester', 38, 11, 5, 22, 38, 51, 66, -15]
[14, 'Leicester', 38, 11, 10, 17, 43, 49, 56, -7]
[13, 'Leicester', 38, 12, 7, 19, 43, 48, 62, -14]
[15, 'Leicester', 38, 11, 7, 20, 40, 45, 54, -9]
[17, 'Leicester', 38, 9, 7, 22, 34, 47, 62, -15]
[13, 'Leicester', 38, 12, 8, 18, 44, 52, 59, -7]
[10, 'Leicester', 38, 12, 11, 15, 47, 49, 50, -1]
[14, 'Leicester', 38, 10, 10, 18, 40, 47, 51, -4]
[12, 'Leicester', 38, 12, 8, 18, 44, 49, 61, -12]
[12, 'Leicester', 38, 14, 7, 17, 49, 57, 55, 2]
[12, 'Leicester', 38, 13, 5, 20, 44, 49, 71, -22]
[13, 'Leicester', 38, 12, 6, 20, 42, 52, 70, -18]
[12, 'Leicester', 38, 13, 5, 20, 44, 53, 59, -6]
[16, 'Leicester', 38, 11, 9, 18, 42, 51, 60, -9]
[9, 'Leicester', 38, 15, 7, 16, 52, 48, 55, -7]
[10, 'Leicester', 38, 16, 5, 17, 53, 57, 55, 2]
[12, 'Leicester', 38, 13, 5, 20, 44, 55, 55, 0]
[12, 'Leicester', 38, 15, 4, 19, 49, 48, 66, -18]
[11, 'Leicester', 38, 14, 6, 18, 48, 53, 58, -5]
[10, 'Leicester', 38, 14, 7, 17, 49, 52, 51, 1]
[18, 'Leicester', 38, 10, 8, 20, 38, 41, 65, -24]
[18, 'Leicester', 38, 10, 7, 21, 37, 42, 61, -19]
Brentford
[15, 'Brentford', 38, 9, 12, 17, 39, 39, 52, -13]
[12, 'Brentford', 38, 12, 12, 14, 48, 41, 44, -3]
[19, 'Brentford', 38, 6, 11, 21, 29, 37, 62, -25]
[12, 'Brentford', 38, 9, 18, 11, 45, 37, 40, -3]
[16, 'Brentford', 38, 8, 12, 18, 36, 35, 55, -20]
[19, 'Brentford', 38, 6, 10, 22, 28, 35, 68, -33]
[11, 'Brentford', 38, 13, 8, 17, 47, 38, 47, -9]
[11, 'Brentford', 38, 13, 12, 13, 51, 47, 46, 1]
[11, 'Brentford', 38, 14, 8, 16, 50, 41, 43, -2]
[12, 'Brentford', 38, 11, 10, 17, 43, 45, 59, -14]
[16, 'Brentford', 38, 8, 12, 18, 36, 37, 53, -16]
[11, 'Brentford', 38, 13, 9, 16, 48, 45, 66, -21]
[18, 'Brentford', 38, 8, 11, 19, 35, 32, 51, -19]
[11, 'Brentford', 38, 12, 13, 13, 49, 44, 49, -5]
[18, 'Brentford', 38, 8, 11, 19, 35, 31, 57, -26]
[15, 'Brentford', 38, 10, 12, 16, 42, 43, 58, -15]
[13, 'Brentford', 38, 11, 11, 16, 44, 40, 44, -4]
[12, 'Brentford', 38, 11, 10, 17, 43, 37, 52, -15]
[14, 'Brentford', 38, 11, 11, 16, 44, 38, 51, -13]
[14, 'Brentford', 38, 11, 12, 15, 45, 39, 45, -6]
[14, 'Brentford', 38, 12, 9, 17, 45, 38, 48, -10]
[13, 'Brentford', 38, 11, 8, 19, 41, 43, 67, -24]
[11, 'Brentford', 38, 10, 13, 15, 43, 47, 57, -10]
[16, 'Brentford', 38, 8, 11, 19, 35, 39, 57, -18]
[19, 'Brentford', 38, 7, 14, 17, 35, 37, 52, -15]
[10, 'Brentford', 38, 13, 11, 14, 50, 41, 51, -10]
[11, 'Brentford', 38, 12, 11, 15, 47, 43, 56, -13]
[13, 'Brentford', 38, 9, 15, 14, 42, 40, 48, -8]
[12, 'Brentford', 38, 11, 13, 14, 46, 39, 52, -13]
[12, 'Brentford', 38, 11, 14, 13, 47, 39, 48, -9]
[19, 'Brentford', 38, 6, 11, 21, 29, 35, 60, -25]
[15, 'Brentford', 38, 8, 15, 15, 39, 41, 47, -6]
[15, 'Brentford', 38, 11, 8, 19, 41, 42, 66, -24]
[12, 'Brentford', 38, 11, 11, 16, 44, 35, 50, -15]
[15, 'Brentford', 38, 8, 14, 16, 38, 37, 51, -14]
[13, 'Brentford', 38, 12, 9, 17, 45, 41, 46, -5]
[14, 'Brentford', 38, 10, 9, 19, 39, 40, 61, -21]
[18, 'Brentford', 38, 7, 11, 20, 32, 38, 71, -33]
[20, 'Brentford', 38, 5, 14, 19, 29, 35, 59, -24]
[17, 'Brentford', 38, 7, 14, 17, 35, 38, 57, -19]
[18, 'Brentford', 38, 6, 15, 17, 33, 37, 58, -21]
[19, 'Brentford', 38, 6, 11, 21, 29, 39, 70, -31]
[12, 'Brentford', 38, 10, 15, 13, 45, 40, 48, -8]
[12, 'Brentford', 38, 10, 14, 14, 44, 42, 49, -7]
[11, 'Brentford', 38, 12, 11, 15, 47, 39, 49, -10]
[17, 'Brentford', 38, 9, 12, 17, 39, 38, 54, -16]
[11, 'Brentford', 38, 10, 15, 13, 45, 41, 50, -9]
[16, 'Brentford', 38, 8, 12, 18, 36, 35, 60, -25]
[13, 'Brentford', 38, 10, 14, 14, 44, 38, 49, -11]
[9, 'Brentford', 38, 13, 11, 14, 50, 46, 48, -2]
[13, 'Brentford', 38, 9, 17, 12, 44, 43, 56, -13]
[16, 'Brentford', 38, 6, 15, 17, 33, 35, 57, -22]
[11, 'Brentford', 38, 12, 11, 15, 47, 41, 56, -15]
[15, 'Brentford', 38, 10, 11, 17, 41, 43, 59, -16]
[17, 'Brentford', 38, 8, 12, 18, 36, 36, 55, -19]
[11, 'Brentford', 38, 11, 15, 12, 48, 40, 45, -5]
[16, 'Brentford', 38, 7, 15, 16, 36, 44, 62, -18]
[16, 'Brentford', 38, 10, 13, 15, 43, 38, 48, -10]
[10, 'Brentford', 38, 13, 12, 13, 51, 47, 47, 0]
[12, 'Brentford', 38, 12, 11, 15, 47, 36, 44, -8]
[9, 'Brentford', 38, 14, 14, 10, 56, 44, 43, 1]
[14, 'Brentford', 38, 10, 13, 15, 43, 36, 47, -11]
[17, 'Brentford', 38, 8, 14, 16, 38, 39, 57, -18]
[16, 'Brentford', 38, 10, 10, 18, 40, 36, 54, -18]
[19, 'Brentford', 38, 6, 12, 20, 30, 41, 72, -31]
[15, 'Brentford', 38, 9, 15, 14, 42, 39, 48, -9]
[19, 'Brentford', 38, 4, 14, 20, 26, 31, 53, -22]
[18, 'Brentford', 38, 6, 14, 18, 32, 38, 59, -21]
[18, 'Brentford', 38, 8, 10, 20, 34, 42, 64, -22]
[19, 'Brentford', 38, 5, 14, 19, 29, 33, 64, -31]
[12, 'Brentford', 38, 11, 13, 14, 46, 42, 56, -14]
[12, 'Brentford', 38, 9, 15, 14, 42, 41, 49, -8]
[14, 'Brentford', 38, 13, 8, 17, 47, 40, 51, -11]
[18, 'Brentford', 38, 7, 10, 21, 31, 35, 63, -28]
[15, 'Brentford', 38, 9, 10, 19, 37, 33, 54, -21]
[13, 'Brentford', 38, 10, 13, 15, 43, 38, 42, -4]
[11, 'Brentford', 38, 10, 11, 17, 41, 37, 45, -8]
[14, 'Brentford', 38, 10, 12, 16, 42, 40, 53, -13]
[9, 'Brentford', 38, 15, 9, 14, 54, 42, 46, -4]
[12, 'Brentford', 38, 11, 13, 14, 46, 41, 49, -8]
[17, 'Brentford', 38, 9, 9, 20, 36, 36, 67, -31]
[12, 'Brentford', 38, 9, 18, 11, 45, 33, 36, -3]
[13, 'Brentford', 38, 11, 10, 17, 43, 47, 63, -16]
[18, 'Brentford', 38, 7, 11, 20, 32, 41, 70, -29]
[19, 'Brentford', 38, 6, 11, 21, 29, 34, 65, -31]
[10, 'Brentford', 38, 13, 10, 15, 49, 42, 48, -6]
[11, 'Brentford', 38, 10, 16, 12, 46, 40, 46, -6]
[16, 'Brentford', 38, 8, 13, 17, 37, 45, 63, -18]
[17, 'Brentford', 38, 9, 10, 19, 37, 41, 64, -23]
[16, 'Brentford', 38, 7, 14, 17, 35, 40, 62, -22]
[15, 'Brentford', 38, 9, 11, 18, 38, 36, 59, -23]
[17, 'Brentford', 38, 8, 14, 16, 38, 38, 54, -16]
[14, 'Brentford', 38, 10, 12, 16, 42, 42, 52, -10]
[17, 'Brentford', 38, 8, 12, 18, 36, 43, 70, -27]
[14, 'Brentford', 38, 9, 12, 17, 39, 39, 60, -21]
[13, 'Brentford', 38, 11, 11, 16, 44, 37, 50, -13]
[12, 'Brentford', 38, 9, 14, 15, 41, 40, 49, -9]
[14, 'Brentford', 38, 9, 10, 19, 37, 35, 55, -20]
[14, 'Brentford', 38, 10, 14, 14, 44, 39, 52, -13]
[15, 'Brentford', 38, 11, 11, 16, 44, 39, 56, -17]
Manchester United
[3, 'Manchester United', 38, 18, 11, 9, 65, 55, 38, 17]
[2, 'Manchester United', 38, 23, 6, 9, 75, 48, 31, 17]
[3, 'Manchester United', 38, 23, 7, 8, 76, 50, 29, 21]
[5, 'Manchester United', 38, 20, 7, 11, 67, 53, 37, 16]
[8, 'Manchester United', 38, 15, 9, 14, 54, 46, 52, -6]
[4, 'Manchester United', 38, 21, 6, 11, 69, 43, 33, 10]
[4, 'Manchester United', 38, 22, 6, 10, 72, 48, 36, 12]
[3, 'Manchester United', 38, 20, 7, 11, 67, 53, 36, 17]
[3, 'Manchester United', 38, 21, 8, 9, 71, 56, 32, 24]
[6, 'Manchester United', 38, 20, 8, 10, 68, 52, 34, 18]
[2, 'Manchester United', 38, 23, 8, 7, 77, 51, 33, 18]
[5, 'Manchester United', 38, 19, 9, 10, 66, 45, 30, 15]
[6, 'Manchester United', 38, 17, 10, 11, 61, 45, 29, 16]
[3, 'Manchester United', 38, 24, 7, 7, 79, 49, 26, 23]
[7, 'Manchester United', 38, 18, 9, 11, 63, 49, 37, 12]
[2, 'Manchester United', 38, 23, 6, 9, 75, 56, 30, 26]
[5, 'Manchester United', 38, 20, 4, 14, 64, 49, 40, 9]
[7, 'Manchester United', 38, 20, 6, 12, 66, 46, 41, 5]
[8, 'Manchester United', 38, 17, 9, 12, 60, 46, 44, 2]
[4, 'Manchester United', 38, 22, 7, 9, 73, 44, 29, 15]
[8, 'Manchester United', 38, 14, 13, 11, 55, 48, 44, 4]
[3, 'Manchester United', 38, 22, 7, 9, 73, 54, 31, 23]
[4, 'Manchester United', 38, 21, 6, 11, 69, 58, 37, 21]
[8, 'Manchester United', 38, 20, 4, 14, 64, 53, 41, 12]
[5, 'Manchester United', 38, 18, 11, 9, 65, 45, 35, 10]
[3, 'Manchester United', 38, 19, 9, 10, 66, 42, 34, 8]
[5, 'Manchester United', 38, 21, 6, 11, 69, 49, 35, 14]
[5, 'Manchester United', 38, 20, 9, 9, 69, 62, 34, 28]
[2, 'Manchester United', 38, 23, 5, 10, 74, 59, 31, 28]
[5, 'Manchester United', 38, 19, 7, 12, 64, 43, 36, 7]
[4, 'Manchester United', 38, 21, 11, 6, 74, 52, 27, 25]
[8, 'Manchester United', 38, 17, 8, 13, 59, 50, 34, 16]
[8, 'Manchester United', 38, 15, 11, 12, 56, 45, 42, 3]
[2, 'Manchester United', 38, 23, 10, 5, 79, 50, 20, 30]
[3, 'Manchester United', 38, 24, 6, 8, 78, 46, 31, 15]
[5, 'Manchester United', 38, 19, 10, 9, 67, 48, 36, 12]
[3, 'Manchester United', 38, 23, 9, 6, 78, 46, 29, 17]
[5, 'Manchester United', 38, 21, 8, 9, 71, 53, 38, 15]
[4, 'Manchester United', 38, 20, 8, 10, 68, 45, 36, 9]
[4, 'Manchester United', 38, 22, 6, 10, 72, 56, 35, 21]
[4, 'Manchester United', 38, 21, 8, 9, 71, 54, 38, 16]
[6, 'Manchester United', 38, 20, 9, 9, 69, 46, 33, 13]
[7, 'Manchester United', 38, 17, 12, 9, 63, 43, 31, 12]
[3, 'Manchester United', 38, 22, 9, 7, 75, 49, 31, 18]
[3, 'Manchester United', 38, 20, 10, 8, 70, 51, 36, 15]
[5, 'Manchester United', 38, 20, 9, 9, 69, 46, 29, 17]
[5, 'Manchester United', 38, 19, 10, 9, 67, 55, 37, 18]
[6, 'Manchester United', 38, 17, 9, 12, 60, 43, 39, 4]
[3, 'Manchester United', 38, 21, 9, 8, 72, 46, 27, 19]
[3, 'Manchester United', 38, 21, 9, 8, 72, 55, 32, 23]
[3, 'Manchester United', 38, 23, 3, 12, 72, 51, 34, 17]
[5, 'Manchester United', 38, 21, 8, 9, 71, 44, 30, 14]
[4, 'Manchester United', 38, 21, 8, 9, 71, 49, 33, 16]
[4, 'Manchester United', 38, 18, 10, 10, 64, 37, 29, 8]
[6, 'Manchester United', 38, 18, 9, 11, 63, 53, 35, 18]
[3, 'Manchester United', 38, 21, 7, 10, 70, 53, 36, 17]
[5, 'Manchester United', 38, 18, 10, 10, 64, 47, 36, 11]
[3, 'Manchester United', 38, 21, 8, 9, 71, 47, 32, 15]
[4, 'Manchester United', 38, 20, 9, 9, 69, 48, 29, 19]
[10, 'Manchester United', 38, 15, 9, 14, 54, 47, 46, 1]
[4, 'Manchester United', 38, 22, 6, 10, 72, 57, 34, 23]
[4, 'Manchester United', 38, 20, 10, 8, 70, 54, 34, 20]
[3, 'Manchester United', 38, 21, 6, 11, 69, 53, 40, 13]
[3, 'Manchester United', 38, 21, 7, 10, 70, 58, 34, 24]
[6, 'Manchester United', 38, 20, 7, 11, 67, 53, 34, 19]
[8, 'Manchester United', 38, 16, 12, 10, 60, 52, 42, 10]
[4, 'Manchester United', 38, 21, 6, 11, 69, 51, 39, 12]
[3, 'Manchester United', 38, 21, 8, 9, 71, 56, 30, 26]
[8, 'Manchester United', 38, 18, 7, 13, 61, 43, 34, 9]
[9, 'Manchester United', 38, 17, 8, 13, 59, 54, 44, 10]
[5, 'Manchester United', 38, 22, 4, 12, 70, 55, 36, 19]
[4, 'Manchester United', 38, 19, 9, 10, 66, 53, 38, 15]
[3, 'Manchester United', 38, 19, 9, 10, 66, 48, 38, 10]
[2, 'Manchester United', 38, 24, 10, 4, 82, 53, 22, 31]
[8, 'Manchester United', 38, 18, 7, 13, 61, 51, 42, 9]
[7, 'Manchester United', 38, 18, 7, 13, 61, 48, 42, 6]
[8, 'Manchester United', 38, 17, 10, 11, 61, 53, 38, 15]
[7, 'Manchester United', 38, 18, 9, 11, 63, 47, 35, 12]
[5, 'Manchester United', 38, 20, 8, 10, 68, 49, 30, 19]
[4, 'Manchester United', 38, 18, 12, 8, 66, 47, 39, 8]
[3, 'Manchester United', 38, 20, 10, 8, 70, 43, 29, 14]
[6, 'Manchester United', 38, 20, 7, 11, 67, 55, 35, 20]
[6, 'Manchester United', 38, 16, 11, 11, 59, 39, 38, 1]
[4, 'Manchester United', 38, 18, 12, 8, 66, 54, 33, 21]
[6, 'Manchester United', 38, 19, 10, 9, 67, 53, 40, 13]
[5, 'Manchester United', 38, 20, 6, 12, 66, 46, 29, 17]
[6, 'Manchester United', 38, 17, 11, 10, 62, 55, 36, 19]
[5, 'Manchester United', 38, 19, 8, 11, 65, 46, 37, 9]
[3, 'Manchester United', 38, 19, 12, 7, 69, 48, 25, 23]
[6, 'Manchester United', 38, 19, 9, 10, 66, 45, 27, 18]
[4, 'Manchester United', 38, 22, 7, 9, 73, 58, 32, 26]
[6, 'Manchester United', 38, 19, 5, 14, 62, 47, 41, 6]
[8, 'Manchester United', 38, 18, 9, 11, 63, 51, 41, 10]
[4, 'Manchester United', 38, 21, 6, 11, 69, 50, 33, 17]
[3, 'Manchester United', 38, 19, 11, 8, 68, 54, 36, 18]
[7, 'Manchester United', 38, 17, 10, 11, 61, 46, 34, 12]
[3, 'Manchester United', 38, 22, 8, 8, 74, 54, 32, 22]
[5, 'Manchester United', 38, 20, 9, 9, 69, 42, 30, 12]
[4, 'Manchester United', 38, 20, 7, 11, 67, 46, 34, 12]
[3, 'Manchester United', 38, 19, 10, 9, 67, 47, 33, 14]
Brighton
[5, 'Brighton', 38, 17, 11, 10, 62, 53, 33, 20]
[5, 'Brighton', 38, 17, 9, 12, 60, 46, 34, 12]
[7, 'Brighton', 38, 17, 8, 13, 59, 41, 32, 9]
[8, 'Brighton', 38, 18, 7, 13, 61, 42, 31, 11]
[7, 'Brighton', 38, 17, 9, 12, 60, 45, 27, 18]
[8, 'Brighton', 38, 16, 9, 13, 57, 43, 34, 9]
[8, 'Brighton', 38, 15, 9, 14, 54, 44, 40, 4]
[6, 'Brighton', 38, 19, 8, 11, 65, 45, 31, 14]
[9, 'Brighton', 38, 15, 9, 14, 54, 48, 39, 9]
[4, 'Brighton', 38, 22, 7, 9, 73, 54, 28, 26]
[6, 'Brighton', 38, 18, 11, 9, 65, 48, 25, 23]
[10, 'Brighton', 38, 14, 9, 15, 51, 39, 39, 0]
[7, 'Brighton', 38, 17, 8, 13, 59, 42, 32, 10]
[8, 'Brighton', 38, 17, 8, 13, 59, 47, 32, 15]
[6, 'Brighton', 38, 18, 9, 11, 63, 48, 33, 15]
[8, 'Brighton', 38, 18, 7, 13, 61, 49, 35, 14]
[9, 'Brighton', 38, 15, 8, 15, 53, 44, 41, 3]
[6, 'Brighton', 38, 19, 9, 10, 66, 45, 28, 17]
[7, 'Brighton', 38, 18, 6, 14, 60, 45, 36, 9]
[7, 'Brighton', 38, 16, 11, 11, 59, 46, 35, 11]
[4, 'Brighton', 38, 18, 10, 10, 64, 48, 28, 20]
[8, 'Brighton', 38, 17, 9, 12, 60, 47, 31, 16]
[6, 'Brighton', 38, 18, 10, 10, 64, 44, 25, 19]
[6, 'Brighton', 38, 19, 10, 9, 67, 51, 32, 19]
[4, 'Brighton', 38, 18, 11, 9, 65, 47, 32, 15]
[7, 'Brighton', 38, 14, 14, 10, 56, 50, 32, 18]
[2, 'Brighton', 38, 22, 8, 8, 74, 51, 28, 23]
[7, 'Brighton', 38, 17, 9, 12, 60, 48, 42, 6]
[6, 'Brighton', 38, 17, 11, 10, 62, 46, 34, 12]
[6, 'Brighton', 38, 17, 9, 12, 60, 47, 36, 11]
[7, 'Brighton', 38, 17, 12, 9, 63, 45, 26, 19]
[3, 'Brighton', 38, 19, 8, 11, 65, 49, 31, 18]
[5, 'Brighton', 38, 18, 9, 11, 63, 43, 27, 16]
[8, 'Brighton', 38, 17, 8, 13, 59, 51, 32, 19]
[7, 'Brighton', 38, 18, 6, 14, 60, 44, 44, 0]
[9, 'Brighton', 38, 15, 8, 15, 53, 38, 33, 5]
[7, 'Brighton', 38, 17, 11, 10, 62, 50, 32, 18]
[4, 'Brighton', 38, 22, 7, 9, 73, 56, 30, 26]
[6, 'Brighton', 38, 18, 6, 14, 60, 46, 42, 4]
[5, 'Brighton', 38, 17, 11, 10, 62, 51, 34, 17]
[8, 'Brighton', 38, 17, 7, 14, 58, 45, 34, 11]
[7, 'Brighton', 38, 18, 9, 11, 63, 51, 36, 15]
[6, 'Brighton', 38, 20, 8, 10, 68, 42, 28, 14]
[7, 'Brighton', 38, 17, 9, 12, 60, 49, 33, 16]
[5, 'Brighton', 38, 19, 8, 11, 65, 44, 27, 17]
[12, 'Brighton', 38, 13, 6, 19, 45, 39, 38, 1]
[6, 'Brighton', 38, 15, 13, 10, 58, 46, 35, 11]
[8, 'Brighton', 38, 15, 9, 14, 54, 46, 33, 13]
[6, 'Brighton', 38, 18, 9, 11, 63, 45, 32, 13]
[6, 'Brighton', 38, 19, 7, 12, 64, 52, 35, 17]
[6, 'Brighton', 38, 21, 5, 12, 68, 52, 31, 21]
[8, 'Brighton', 38, 18, 9, 11, 63, 43, 28, 15]
[5, 'Brighton', 38, 19, 11, 8, 68, 47, 25, 22]
[7, 'Brighton', 38, 17, 8, 13, 59, 44, 30, 14]
[4, 'Brighton', 38, 19, 9, 10, 66, 48, 32, 16]
[6, 'Brighton', 38, 18, 6, 14, 60, 47, 34, 13]
[6, 'Brighton', 38, 18, 7, 13, 61, 48, 36, 12]
[7, 'Brighton', 38, 17, 10, 11, 61, 45, 32, 13]
[8, 'Brighton', 38, 15, 11, 12, 56, 47, 33, 14]
[8, 'Brighton', 38, 16, 8, 14, 56, 42, 37, 5]
[5, 'Brighton', 38, 21, 5, 12, 68, 49, 32, 17]
[7, 'Brighton', 38, 16, 10, 12, 58, 41, 35, 6]
[12, 'Brighton', 38, 13, 9, 16, 48, 42, 40, 2]
[6, 'Brighton', 38, 19, 6, 13, 63, 58, 43, 15]
[9, 'Brighton', 38, 14, 11, 13, 53, 43, 36, 7]
[4, 'Brighton', 38, 20, 9, 9, 69, 52, 27, 25]
[8, 'Brighton', 38, 18, 9, 11, 63, 55, 32, 23]
[8, 'Brighton', 38, 15, 13, 10, 58, 40, 31, 9]
[4, 'Brighton', 38, 21, 5, 12, 68, 52, 29, 23]
[4, 'Brighton', 38, 18, 12, 8, 66, 46, 26, 20]
[8, 'Brighton', 38, 18, 7, 13, 61, 46, 37, 9]
[6, 'Brighton', 38, 16, 12, 10, 60, 44, 32, 12]
[6, 'Brighton', 38, 16, 13, 9, 61, 47, 34, 13]
[8, 'Brighton', 38, 15, 10, 13, 55, 41, 32, 9]
[6, 'Brighton', 38, 19, 10, 9, 67, 49, 28, 21]
[6, 'Brighton', 38, 19, 9, 10, 66, 49, 29, 20]
[6, 'Brighton', 38, 19, 9, 10, 66, 53, 34, 19]
[6, 'Brighton', 38, 18, 9, 11, 63, 45, 29, 16]
[7, 'Brighton', 38, 18, 8, 12, 62, 46, 34, 12]
[7, 'Brighton', 38, 18, 7, 13, 61, 48, 42, 6]
[8, 'Brighton', 38, 15, 11, 12, 56, 47, 31, 16]
[8, 'Brighton', 38, 16, 8, 14, 56, 42, 39, 3]
[7, 'Brighton', 38, 17, 6, 15, 57, 48, 37, 11]
[7, 'Brighton', 38, 17, 11, 10, 62, 54, 35, 19]
[7, 'Brighton', 38, 17, 10, 11, 61, 49, 30, 19]
[7, 'Brighton', 38, 18, 6, 14, 60, 49, 34, 15]
[9, 'Brighton', 38, 16, 6, 16, 54, 46, 45, 1]
[8, 'Brighton', 38, 18, 7, 13, 61, 58, 46, 12]
[5, 'Brighton', 38, 18, 11, 9, 65, 47, 28, 19]
[8, 'Brighton', 38, 18, 9, 11, 63, 49, 31, 18]
[6, 'Brighton', 38, 17, 15, 6, 66, 50, 28, 22]
[7, 'Brighton', 38, 17, 10, 11, 61, 47, 32, 15]
[5, 'Brighton', 38, 20, 8, 10, 68, 51, 32, 19]
[7, 'Brighton', 38, 20, 8, 10, 68, 58, 36, 22]
[8, 'Brighton', 38, 17, 8, 13, 59, 51, 36, 15]
[6, 'Brighton', 38, 18, 9, 11, 63, 43, 29, 14]
[8, 'Brighton', 38, 15, 11, 12, 56, 46, 42, 4]
[8, 'Brighton', 38, 20, 6, 12, 66, 47, 37, 10]
[6, 'Brighton', 38, 17, 10, 11, 61, 44, 30, 14]
[6, 'Brighton', 38, 16, 10, 12, 58, 45, 34, 11]
West Ham
[9, 'West Ham', 38, 15, 10, 13, 55, 39, 36, 3]
[6, 'West Ham', 38, 16, 11, 11, 59, 38, 29, 9]
[11, 'West Ham', 38, 12, 13, 13, 49, 35, 29, 6]
[15, 'West Ham', 38, 10, 9, 19, 39, 29, 38, -9]
[9, 'West Ham', 38, 15, 7, 16, 52, 36, 35, 1]
[11, 'West Ham', 38, 13, 9, 16, 48, 38, 37, 1]
[13, 'West Ham', 38, 10, 12, 16, 42, 36, 38, -2]
[7, 'West Ham', 38, 17, 11, 10, 62, 41, 28, 13]
[19, 'West Ham', 38, 8, 10, 20, 34, 30, 48, -18]
[16, 'West Ham', 38, 7, 15, 16, 36, 32, 42, -10]
[9, 'West Ham', 38, 12, 13, 13, 49, 36, 37, -1]
[6, 'West Ham', 38, 18, 5, 15, 59, 39, 30, 9]
[9, 'West Ham', 38, 13, 14, 11, 53, 39, 33, 6]
[9, 'West Ham', 38, 14, 12, 12, 54, 35, 32, 3]
[9, 'West Ham', 38, 14, 9, 15, 51, 34, 35, -1]
[14, 'West Ham', 38, 11, 9, 18, 42, 40, 48, -8]
[8, 'West Ham', 38, 15, 9, 14, 54, 39, 30, 9]
[13, 'West Ham', 38, 11, 8, 19, 41, 32, 37, -5]
[13, 'West Ham', 38, 11, 11, 16, 44, 33, 37, -4]
[9, 'West Ham', 38, 16, 5, 17, 53, 31, 28, 3]
[12, 'West Ham', 38, 12, 9, 17, 45, 37, 42, -5]
[10, 'West Ham', 38, 13, 6, 19, 45, 39, 50, -11]
[19, 'West Ham', 38, 8, 8, 22, 32, 30, 50, -20]
[9, 'West Ham', 38, 16, 7, 15, 55, 38, 32, 6]
[15, 'West Ham', 38, 9, 11, 18, 38, 34, 42, -8]
[13, 'West Ham', 38, 12, 10, 16, 46, 32, 35, -3]
[9, 'West Ham', 38, 17, 8, 13, 59, 35, 28, 7]
[12, 'West Ham', 38, 11, 13, 14, 46, 37, 37, 0]
[8, 'West Ham', 38, 17, 8, 13, 59, 45, 32, 13]
[9, 'West Ham', 38, 16, 9, 13, 57, 44, 32, 12]
[11, 'West Ham', 38, 12, 10, 16, 46, 41, 40, 1]
[14, 'West Ham', 38, 11, 10, 17, 43, 34, 42, -8]
[9, 'West Ham', 38, 15, 9, 14, 54, 37, 33, 4]
[9, 'West Ham', 38, 15, 12, 11, 57, 34, 26, 8]
[9, 'West Ham', 38, 14, 9, 15, 51, 37, 34, 3]
[8, 'West Ham', 38, 15, 9, 14, 54, 39, 34, 5]
[12, 'West Ham', 38, 11, 9, 18, 42, 39, 51, -12]
[10, 'West Ham', 38, 13, 10, 15, 49, 38, 36, 2]
[11, 'West Ham', 38, 12, 12, 14, 48, 36, 39, -3]
[19, 'West Ham', 38, 7, 11, 20, 32, 30, 47, -17]
[10, 'West Ham', 38, 14, 8, 16, 50, 38, 34, 4]
[10, 'West Ham', 38, 14, 7, 17, 49, 39, 42, -3]
[9, 'West Ham', 38, 14, 11, 13, 53, 32, 28, 4]
[15, 'West Ham', 38, 12, 3, 23, 39, 37, 55, -18]
[9, 'West Ham', 38, 14, 8, 16, 50, 41, 40, 1]
[9, 'West Ham', 38, 12, 15, 11, 51, 38, 31, 7]
[16, 'West Ham', 38, 9, 11, 18, 38, 38, 44, -6]
[10, 'West Ham', 38, 12, 13, 13, 49, 31, 28, 3]
[10, 'West Ham', 38, 13, 7, 18, 46, 39, 43, -4]
[11, 'West Ham', 38, 12, 9, 17, 45, 33, 43, -10]
[10, 'West Ham', 38, 11, 13, 14, 46, 32, 37, -5]
[7, 'West Ham', 38, 17, 12, 9, 63, 38, 22, 16]
[17, 'West Ham', 38, 9, 9, 20, 36, 30, 38, -8]
[9, 'West Ham', 38, 15, 12, 11, 57, 36, 26, 10]
[8, 'West Ham', 38, 17, 10, 11, 61, 40, 26, 14]
[10, 'West Ham', 38, 13, 10, 15, 49, 47, 41, 6]
[9, 'West Ham', 38, 15, 13, 10, 58, 46, 35, 11]
[10, 'West Ham', 38, 12, 13, 13, 49, 34, 32, 2]
[11, 'West Ham', 38, 13, 10, 15, 49, 38, 38, 0]
[16, 'West Ham', 38, 9, 11, 18, 38, 33, 43, -10]
[14, 'West Ham', 38, 11, 9, 18, 42, 36, 44, -8]
[13, 'West Ham', 38, 12, 9, 17, 45, 31, 32, -1]
[18, 'West Ham', 38, 8, 11, 19, 35, 37, 47, -10]
[5, 'West Ham', 38, 19, 8, 11, 65, 35, 20, 15]
[14, 'West Ham', 38, 9, 14, 15, 41, 39, 45, -6]
[14, 'West Ham', 38, 10, 12, 16, 42, 39, 40, -1]
[12, 'West Ham', 38, 13, 11, 14, 50, 36, 37, -1]
[9, 'West Ham', 38, 13, 13, 12, 52, 37, 30, 7]
[13, 'West Ham', 38, 10, 12, 16, 42, 39, 46, -7]
[12, 'West Ham', 38, 13, 11, 14, 50, 39, 37, 2]
[9, 'West Ham', 38, 14, 9, 15, 51, 38, 37, 1]
[8, 'West Ham', 38, 14, 14, 10, 56, 40, 31, 9]
[9, 'West Ham', 38, 14, 9, 15, 51, 39, 35, 4]
[7, 'West Ham', 38, 19, 6, 13, 63, 43, 26, 17]
[10, 'West Ham', 38, 14, 8, 16, 50, 45, 44, 1]
[11, 'West Ham', 38, 12, 8, 18, 44, 31, 37, -6]
[9, 'West Ham', 38, 13, 12, 13, 51, 36, 34, 2]
[11, 'West Ham', 38, 12, 11, 15, 47, 33, 32, 1]
[15, 'West Ham', 38, 9, 11, 18, 38, 30, 44, -14]
[10, 'West Ham', 38, 11, 15, 12, 48, 36, 31, 5]
[11, 'West Ham', 38, 12, 12, 14, 48, 37, 39, -2]
[16, 'West Ham', 38, 8, 10, 20, 34, 34, 49, -15]
[9, 'West Ham', 38, 13, 12, 13, 51, 42, 40, 2]
[11, 'West Ham', 38, 9, 19, 10, 46, 34, 34, 0]
[14, 'West Ham', 38, 9, 11, 18, 38, 33, 46, -13]
[9, 'West Ham', 38, 15, 8, 15, 53, 35, 29, 6]
[16, 'West Ham', 38, 8, 12, 18, 36, 35, 51, -16]
[13, 'West Ham', 38, 12, 8, 18, 44, 36, 39, -3]
[11, 'West Ham', 38, 12, 14, 12, 50, 40, 34, 6]
[14, 'West Ham', 38, 10, 11, 17, 41, 36, 41, -5]
[7, 'West Ham', 38, 16, 10, 12, 58, 41, 27, 14]
[9, 'West Ham', 38, 15, 8, 15, 53, 33, 25, 8]
[11, 'West Ham', 38, 13, 9, 16, 48, 38, 41, -3]
[9, 'West Ham', 38, 17, 5, 16, 56, 39, 35, 4]
[10, 'West Ham', 38, 12, 12, 14, 48, 33, 33, 0]
[15, 'West Ham', 38, 9, 14, 15, 41, 31, 34, -3]
[9, 'West Ham', 38, 16, 8, 14, 56, 38, 35, 3]
[11, 'West Ham', 38, 12, 11, 15, 47, 39, 38, 1]
[9, 'West Ham', 38, 14, 7, 17, 49, 36, 33, 3]
[11, 'West Ham', 38, 13, 11, 14, 50, 37, 36, 1]
Manchester City
[1, 'Manchester City', 38, 32, 5, 1, 101, 87, 15, 72]
[1, 'Manchester City', 38, 29, 8, 1, 95, 79, 13, 66]
[1, 'Manchester City', 38, 27, 10, 1, 91, 80, 14, 66]
[1, 'Manchester City', 38, 27, 9, 2, 90, 81, 18, 63]
[1, 'Manchester City', 38, 27, 10, 1, 91, 71, 15, 56]
[1, 'Manchester City', 38, 27, 7, 4, 88, 80, 16, 64]
[1, 'Manchester City', 38, 25, 10, 3, 85, 71, 20, 51]
[1, 'Manchester City', 38, 30, 7, 1, 97, 82, 13, 69]
[1, 'Manchester City', 38, 25, 11, 2, 86, 83, 22, 61]
[1, 'Manchester City', 38, 29, 7, 2, 94, 79, 18, 61]
[1, 'Manchester City', 38, 29, 8, 1, 95, 84, 16, 68]
[1, 'Manchester City', 38, 31, 6, 1, 99, 91, 13, 78]
[1, 'Manchester City', 38, 31, 6, 1, 99, 87, 15, 72]
[1, 'Manchester City', 38, 29, 8, 1, 95, 86, 18, 68]
[1, 'Manchester City', 38, 29, 7, 2, 94, 80, 15, 65]
[1, 'Manchester City', 38, 30, 7, 1, 97, 79, 17, 62]
[1, 'Manchester City', 38, 29, 6, 3, 93, 88, 14, 74]
[2, 'Manchester City', 38, 25, 7, 6, 82, 77, 18, 59]
[1, 'Manchester City', 38, 26, 10, 2, 88, 83, 23, 60]
[1, 'Manchester City', 38, 24, 8, 6, 80, 77, 21, 56]
[1, 'Manchester City', 38, 30, 7, 1, 97, 90, 13, 77]
[1, 'Manchester City', 38, 30, 4, 4, 94, 93, 17, 76]
[1, 'Manchester City', 38, 28, 7, 3, 91, 81, 16, 65]
[1, 'Manchester City', 38, 26, 9, 3, 87, 78, 19, 59]
[1, 'Manchester City', 38, 30, 7, 1, 97, 79, 11, 68]
[1, 'Manchester City', 38, 28, 9, 1, 93, 82, 17, 65]
[1, 'Manchester City', 38, 30, 7, 1, 97, 88, 15, 73]
[2, 'Manchester City', 38, 25, 9, 4, 84, 81, 25, 56]
[1, 'Manchester City', 38, 29, 7, 2, 94, 88, 18, 70]
[1, 'Manchester City', 38, 27, 10, 1, 91, 76, 15, 61]
[1, 'Manchester City', 38, 29, 4, 5, 91, 80, 20, 60]
[1, 'Manchester City', 38, 29, 8, 1, 95, 79, 12, 67]
[1, 'Manchester City', 38, 32, 5, 1, 101, 84, 13, 71]
[1, 'Manchester City', 38, 29, 8, 1, 95, 91, 12, 79]
[1, 'Manchester City', 38, 27, 9, 2, 90, 87, 20, 67]
[1, 'Manchester City', 38, 25, 10, 3, 85, 72, 24, 48]
[1, 'Manchester City', 38, 28, 6, 4, 90, 85, 24, 61]
[1, 'Manchester City', 38, 28, 8, 2, 92, 88, 15, 73]
[1, 'Manchester City', 38, 31, 5, 2, 98, 88, 15, 73]
[1, 'Manchester City', 38, 27, 8, 3, 89, 76, 22, 54]
[1, 'Manchester City', 38, 29, 8, 1, 95, 86, 12, 74]
[1, 'Manchester City', 38, 27, 6, 5, 87, 81, 19, 62]
[1, 'Manchester City', 38, 25, 10, 3, 85, 75, 19, 56]
[1, 'Manchester City', 38, 27, 9, 2, 90, 72, 20, 52]
[1, 'Manchester City', 38, 32, 5, 1, 101, 80, 12, 68]
[1, 'Manchester City', 38, 30, 6, 2, 96, 85, 16, 69]
[1, 'Manchester City', 38, 28, 9, 1, 93, 76, 16, 60]
[2, 'Manchester City', 38, 25, 9, 4, 84, 82, 24, 58]
[1, 'Manchester City', 38, 29, 7, 2, 94, 83, 17, 66]
[2, 'Manchester City', 38, 25, 12, 1, 87, 77, 19, 58]
[1, 'Manchester City', 38, 30, 6, 2, 96, 91, 15, 76]
[1, 'Manchester City', 38, 25, 9, 4, 84, 75, 21, 54]
[1, 'Manchester City', 38, 29, 8, 1, 95, 85, 14, 71]
[1, 'Manchester City', 38, 29, 6, 3, 93, 79, 18, 61]
[1, 'Manchester City', 38, 27, 6, 5, 87, 78, 21, 57]
[1, 'Manchester City', 38, 27, 7, 4, 88, 82, 18, 64]
[1, 'Manchester City', 38, 26, 9, 3, 87, 88, 21, 67]
[1, 'Manchester City', 38, 28, 8, 2, 92, 73, 16, 57]
[1, 'Manchester City', 38, 30, 7, 1, 97, 81, 13, 68]
[1, 'Manchester City', 38, 29, 8, 1, 95, 77, 14, 63]
[2, 'Manchester City', 38, 28, 4, 6, 88, 83, 26, 57]
[1, 'Manchester City', 38, 26, 11, 1, 89, 75, 12, 63]
[1, 'Manchester City', 38, 29, 7, 2, 94, 86, 15, 71]
[1, 'Manchester City', 38, 29, 6, 3, 93, 86, 16, 70]
[1, 'Manchester City', 38, 25, 7, 6, 82, 77, 28, 49]
[1, 'Manchester City', 38, 26, 10, 2, 88, 86, 15, 71]
[1, 'Manchester City', 38, 30, 4, 4, 94, 85, 17, 68]
[1, 'Manchester City', 38, 31, 5, 2, 98, 80, 13, 67]
[1, 'Manchester City', 38, 25, 10, 3, 85, 80, 24, 56]
[1, 'Manchester City', 38, 28, 7, 3, 91, 83, 21, 62]
[1, 'Manchester City', 38, 33, 4, 1, 103, 95, 13, 82]
[1, 'Manchester City', 38, 30, 6, 2, 96, 93, 17, 76]
[1, 'Manchester City', 38, 28, 8, 2, 92, 83, 15, 68]
[1, 'Manchester City', 38, 28, 8, 2, 92, 83, 17, 66]
[2, 'Manchester City', 38, 28, 6, 4, 90, 85, 19, 66]
[1, 'Manchester City', 38, 29, 7, 2, 94, 76, 12, 64]
[1, 'Manchester City', 38, 31, 6, 1, 99, 82, 15, 67]
[2, 'Manchester City', 38, 26, 8, 4, 86, 82, 22, 60]
[1, 'Manchester City', 38, 26, 8, 4, 86, 85, 25, 60]
[1, 'Manchester City', 38, 25, 10, 3, 85, 79, 15, 64]
[1, 'Manchester City', 38, 30, 4, 4, 94, 83, 18, 65]
[1, 'Manchester City', 38, 27, 9, 2, 90, 81, 17, 64]
[1, 'Manchester City', 38, 31, 6, 1, 99, 86, 13, 73]
[1, 'Manchester City', 38, 26, 11, 1, 89, 82, 13, 69]
[1, 'Manchester City', 38, 31, 5, 2, 98, 91, 16, 75]
[2, 'Manchester City', 38, 28, 5, 5, 89, 83, 25, 58]
[1, 'Manchester City', 38, 29, 8, 1, 95, 76, 11, 65]
[1, 'Manchester City', 38, 29, 6, 3, 93, 83, 18, 65]
[1, 'Manchester City', 38, 31, 6, 1, 99, 80, 12, 68]
[1, 'Manchester City', 38, 29, 8, 1, 95, 74, 13, 61]
[1, 'Manchester City', 38, 27, 7, 4, 88, 80, 22, 58]
[1, 'Manchester City', 38, 28, 5, 5, 89, 80, 18, 62]
[1, 'Manchester City', 38, 28, 9, 1, 93, 82, 15, 67]
[1, 'Manchester City', 38, 29, 5, 4, 92, 82, 24, 58]
[1, 'Manchester City', 38, 29, 8, 1, 95, 84, 11, 73]
[1, 'Manchester City', 38, 30, 7, 1, 97, 92, 13, 79]
[1, 'Manchester City', 38, 29, 6, 3, 93, 81, 15, 66]
[1, 'Manchester City', 38, 27, 7, 4, 88, 83, 18, 65]
[1, 'Manchester City', 38, 27, 6, 5, 87, 85, 20, 65]
[1, 'Manchester City', 38, 29, 6, 3, 93, 83, 21, 62]
